Unique_Seq_ID	Mod_Count	Mod_Description	Monoisotopic_Mass
1	0		1089.52364
2	0		1018.48653
3	0		1198.64177
4	0		1040.53625
5	0		1187.61455
6	0		1380.60915
7	0		1124.576
8	0		1162.6458
9	0		1648.81681
10	0		1045.53381
11	0		1614.83246
12	0		1101.54139
13	0		917.48176
14	0		1171.60974
15	0		1364.70476
16	0		1325.59863
17	0		2140.05076
18	0		1672.89948
19	0		1576.78446
20	0		1068.60393
21	0		1298.75573
22	0		901.52323
23	0		1606.92933
24	0		1260.65608
25	0		1283.67207
26	0		1261.70297
27	0		1943.08391
28	0		1619.88819
29	0		939.57527
30	0		982.60623
31	0		1699.92563
32	0		1245.67504
33	0		1683.84269
34	0		1089.61819
35	0		1657.86093
36	0		1903.11415
37	0		1357.76385
38	0		1484.85616
39	0		1578.84388
40	0		1785.96578
41	0		1374.8598
42	0		1786.98281
43	0		2880.53438
44	0		1857.88561
45	0		1717.79403
46	0		2467.18726
47	0		2086.05948
48	0		1816.00936
49	0		1780.9543
50	0		1811.99919
51	1	Plus1Oxy:3	1922.93416
52	0		2292.00037
53	0		1839.92669
54	0		1837.92094
55	0		2039.10101
56	0		2176.13879
57	0		2108.11124
58	0		1988.99753
59	0		1943.91836
60	0		2855.47106
61	0		1663.84163
62	0		2153.03881
63	0		2256.17827
64	0		1493.73611
65	0		2340.25824
66	0		1632.88344
67	0		2062.06938
68	0		2192.08475
69	0		1953.922
70	0		1600.6827
71	0		1595.72152
72	0		2612.32334
73	0		2190.04079
74	0		2729.40952
75	0		1581.81187
76	0		1746.83833
77	0		1901.00058
78	0		1794.85696
79	0		1898.99885
80	0		1929.96828
81	0		1994.05056
82	0		2192.12584
83	0		1954.873
84	0		1823.92775
85	0		2311.08616
86	0		1518.75249
87	0		2180.07823
88	0		3008.47256
89	0		1488.75718
90	0		2333.18619
91	0		1577.80486
92	0		1554.87287
93	0		2644.42166
94	0		2111.01298
95	0		1330.72443
96	0		3576.7847
97	0		2015.01451
98	0		1678.90015
99	0		2760.41802
100	0		1644.80751
101	0		1937.9846
102	0		1993.86124
103	0		2215.17821
104	0		2352.34493
105	0		1754.82566
106	0		1567.69696
107	0		1860.96928
108	0		2109.14287
109	0		1703.87293
110	0		1664.94603
111	0		1808.85398
112	0		1669.97258
113	0		1423.83979
114	0		1712.86924
115	0		1520.75824
116	0		1697.8736
117	0		1546.73751
118	0		1424.83504
119	0		1766.85734
120	0		2343.17456
121	0		1723.98314
122	0		1780.95449
123	0		1653.9049
124	2	Dehydro:2,Dehydro:7	1723.70754
125	0		1621.8423
126	0		2623.21194
127	0		1763.8186
128	0		2417.30255
129	0		1485.8038
130	0		1732.87835
131	0		1507.72661
132	0		1568.75038
133	0		1466.77283
134	0		1564.73031
135	0		1217.57098
136	0		1704.71141
137	0		1967.94841
138	0		1517.78373
139	0		1559.73678
140	0		1631.75388
141	0		1330.74556
142	0		2221.18138
143	0		1753.86343
144	0		3313.75162
145	0		1600.83207
146	0		2903.49285
147	0		1429.71605
148	0		1671.81754
149	1	Plus1Oxy:21	2368.33985
150	0		1498.83543
151	0		2236.10827
152	0		1611.87321
153	0		1804.96822
154	0		1702.8485
155	0		1593.83232
156	0		1358.64005
157	0		1255.72477
158	0		1805.8736
159	0		1890.94346
160	0		1955.94485
161	0		1611.89433
162	0		1759.97191
163	0		1402.76419
164	0		1551.84805
165	0		2212.18104
166	0		1355.77719
167	0		2659.34269
168	0		1592.81575
169	0		2361.04679
170	0		2020.04758
171	0		2368.20217
172	0		2513.31581
173	0		2178.10299
174	0		2128.98803
175	0		1971.9173
176	0		1837.81178
177	0		1501.77356
178	0		1896.9329
179	0		1906.91725
180	0		1310.62545
181	0		1658.80519
182	0		1400.76227
183	0		2309.29937
184	0		2118.11085
185	0		1513.70482
186	0		1882.99991
187	0		1567.79535
188	0		1497.87657
189	0		1734.84236
190	0		1533.81503
191	0		2117.0487
192	0		1622.7787
193	0		1928.0326
194	0		2529.25724
195	0		1834.97226
196	0		2830.44998
197	0		1814.92742
198	0		1598.89909
199	0		1757.82935
200	0		2025.00539
201	0		1888.0087
202	0		1439.67478
203	0		1708.82018
204	0		1803.7443
205	0		2304.17424
206	0		1388.80268
207	0		1705.92497
208	0		1521.7344
209	0		1540.75949
210	0		2341.23889
211	0		1767.85346
212	0		1624.84599
213	0		1562.73645
214	0		1685.83721
215	0		1869.03188
216	0		1957.97779
217	0		1710.92636
218	0		1338.72549
219	0		3504.84624
220	0		1601.80823
221	0		1368.77647
222	0		2213.93882
223	0		972.52396
224	0		3026.49251
225	0		1602.81536
226	0		2151.18395
227	0		1275.65708
228	0		1405.65067
229	0		1516.78446
230	0		1328.59963
231	0		1664.77534
232	0		2129.17311
233	0		1471.76299
234	0		1705.83827
235	0		2412.11137
236	0		1567.72661
237	0		1385.78776
238	0		1337.70912
239	0		1351.75713
240	0		1512.78954
241	0		1358.68633
242	0		2015.9799
243	0		1478.73645
244	0		1460.72588
245	0		1303.68052
246	0		2258.28578
247	0		1642.85003
248	0		2500.24779
249	0		1262.63668
250	1	Plus1Oxy:1	2395.17285
251	0		2222.23816
252	0		1801.79
253	0		1907.92979
254	0		2564.35972
255	0		1207.59851
256	0		1865.87544
257	0		1431.77211
258	0		2715.46077
259	0		1785.83213
260	0		2140.96604
261	0		1330.65166
262	0		2569.21261
263	0		2481.14809
264	0		1165.60908
265	0		1549.73334
266	0		1673.89875
267	0		1254.62037
268	0		2604.35801
269	0		1595.82665
270	0		1522.70852
271	0		1395.67035
272	1	Dehydro:7	2163.98358
273	0		1315.74992
274	0		1413.77144
275	0		1823.99919
276	0		1349.64624
277	0		1903.94947
278	0		1256.69755
279	0		1376.64275
280	0		2234.05577
281	0		1530.72484
282	0		1512.75718
283	0		1951.02612
284	0		3709.80444
285	0		1297.66256
286	0		1346.72272
287	0		1403.6979
288	0		1414.83946
289	0		1942.92714
290	0		2675.26013
291	0		1337.60986
292	0		1854.98387
293	0		2107.03735
294	0		1400.75104
295	0		1274.66521
296	0		2080.04443
297	0		1308.77647
298	0		1719.90557
299	0		2221.13779
300	0		1294.65906
301	0		3244.63626
302	0		1466.80922
303	0		1855.85873
304	0		1883.99516
305	0		1519.76702
306	0		1582.91809
307	1	Plus1Oxy:2	1611.75753
308	0		1264.6411
309	0		1924.86581
310	0		1565.74082
311	0		2208.13985
312	0		1556.81575
313	0		1573.77356
314	0		1795.88522
315	0		1900.98935
316	0		1535.78306
317	0		2556.23559
318	0		2647.32273
319	0		1393.70884
320	0		1658.83774
321	0		1569.76089
322	0		1547.80955
323	0		1449.78267
324	0		2129.13673
325	0		1311.75098
326	0		2157.01596
327	0		1407.70336
328	0		1544.79329
329	0		1488.78234
330	0		1395.65708
331	0		1383.73572
332	0		1356.67452
333	0		1958.04719
334	0		2219.18368
335	0		1550.76294
336	0		1886.92608
337	0		1288.6411
338	0		1583.82665
339	0		2115.13231
340	0		1039.50864
341	0		2814.41216
342	0		2213.10755
343	0		1474.73751
344	0		2170.27243
345	0		2981.50341
346	0		1648.81681
347	0		1213.55743
348	0		1445.77989
349	0		1825.0672
350	0		1615.87802
351	0		1316.64725
352	0		1484.6895
353	0		1834.95766
354	1	Plus1Oxy:8	2194.0979
355	0		1336.66223
356	0		1499.71029
357	1	Plus1Oxy:3	1562.72456
358	0		1476.73203
359	0		2905.47146
360	0		1401.78267
361	0		1264.75025
362	0		1730.90496
363	0		1312.60472
364	0		1699.80525
365	0		3821.90296
366	0		3118.53985
367	0		2103.02786
368	0		1179.55196
369	0		1933.8765
370	0		1767.87908
371	1	Plus1Oxy:1	1583.69188
372	0		1985.00645
373	0		2134.13092
374	0		1335.7146
375	0		1175.60332
376	0		2669.30439
377	0		1878.07983
378	0		2183.03814
379	0		1419.62657
380	0		1530.80413
381	0		1238.72337
382	0		1592.78677
383	0		1463.80955
384	0		2767.36229
385	0		1672.90687
386	0		1447.68773
387	0		1413.64836
388	0		1333.63741
389	0		3516.71193
390	0		1664.74701
391	0		1458.81939
392	0		2636.23531
393	0		1240.65233
394	0		1300.59348
395	0		1680.88344
396	0		1232.67643
397	0		1553.79833
398	0		2470.17251
399	0		2170.96537
400	0		1726.81615
401	0		1294.65166
402	0		2571.39069
403	0		2416.23069
404	0		1310.69419
405	0		3089.57802
406	0		1269.5295
407	0		1353.72516
408	0		1260.64619
409	0		2181.05235
410	0		1317.73255
411	0		1458.81939
412	0		2503.34672
413	0		1503.78334
414	0		2258.05624
415	0		1538.70343
416	0		1584.87221
417	0		1518.74259
418	0		1446.64486
419	0		1495.83576
420	0		1526.80519
421	0		1762.9253
422	1	Plus1Oxy:6	1988.84209
423	0		1459.76299
424	0		1471.76299
425	0		1385.68983
426	0		1960.0013
427	0		4091.00227
428	0		2733.25908
429	0		1253.73427
430	0		1238.68699
431	0		2492.14544
432	0		1725.87188
433	0		1298.7445
434	0		1629.88377
435	0		2100.03089
436	0		2573.30121
437	1	Plus1Oxy:3	2356.25316
438	0		1686.93039
439	0		1728.78168
440	0		1380.73606
441	0		1369.69492
442	0		1546.79905
443	0		1824.01042
444	0		1337.71901
445	0		1324.69209
446	0		1192.61008
447	0		1424.7735
448	0		1497.74629
449	0		1548.77831
450	0		2575.28855
451	0		1718.8773
452	0		1588.75144
453	0		2029.0942
454	0		1838.91485
455	0		1009.59198
456	0		1345.6473
457	0		1441.78498
458	0		1889.98862
459	0		1536.73069
460	0		1373.74014
461	0		2777.47105
462	0		1324.77138
463	0		1661.83721
464	0		1855.06653
465	0		1379.66804
466	0		2731.39147
467	0		1547.74265
468	0		1421.6786
469	0		1184.64004
470	0		2822.35571
471	0		1813.91691
472	1	Plus1Oxy:8	1866.9257
473	0		1591.80275
474	1	Plus1Oxy:1	2341.08952
475	0		1992.93224
476	0		1655.79429
477	0		1318.63641
478	0		1232.63601
479	0		1435.66776
480	0		2685.34558
481	0		1556.798
482	0		1298.69419
483	0		1487.74668
484	0		1246.6413
485	0		2303.23064
486	0		1511.85583
487	0		2726.51449
488	1	Plus1Oxy:12	2068.00804
489	0		1445.6932
490	0		1461.72113
491	0		1396.82889
492	0		1324.735
493	0		1284.7037
494	0		1712.83285
495	0		1719.98823
496	0		1483.78815
497	0		1226.69822
498	0		1621.80994
499	0		1446.71024
500	0		1768.98685
501	0		2700.37174
502	0		1476.72417
503	0		1551.65893
504	0		2157.05887
505	0		1934.9737
506	0		1329.7768
507	0		1580.81575
508	0		2781.41969
509	0		2416.22732
510	0		1742.83306
511	0		2447.29065
512	0		1156.61997
513	0		1353.75031
514	0		1546.72965
515	0		1394.82447
516	0		2475.27164
517	0		1802.8798
518	0		2208.28405
519	0		1438.65101
520	0		1429.818
521	0		2325.24014
522	0		1211.57164
523	0		1863.03524
524	1	Plus1Oxy:4	1401.61938
525	0		1551.78921
526	0		1256.61086
527	0		2648.35972
528	0		1432.77859
529	0		1828.93586
530	0		1385.68983
531	0		1525.72728
532	0		1126.65319
533	0		2129.16909
534	0		1594.87181
535	0		1448.70813
536	0		1683.76272
537	1	Plus1Oxy:6	3297.64505
538	0		2385.22622
539	0		2239.14115
540	0		1639.77626
541	3	Dehydro:1,Dehydro:4,Dehydro:7	2301.97638
542	0		1039.61377
543	0		1635.77395
544	0		1136.60768
545	0		1307.67207
546	0		1366.78194
547	0		2325.20759
548	0		1882.9498
549	0		1058.56074
550	0		1584.75718
551	0		1134.5305
552	0		1526.79396
553	0		2058.93494
554	1	Plus1Oxy:6	2446.09572
555	0		1634.82632
556	0		1520.67022
557	0		1981.97529
558	0		1558.76266
559	0		1425.77144
560	0		1685.84058
561	0		1304.62163
562	0		1341.70403
563	0		2097.08134
564	0		3409.63797
565	0		1373.73024
566	0		1473.81905
567	0		1689.85728
568	0		1113.69096
569	0		2739.47403
570	0		1972.84718
571	0		1299.67821
572	0		1880.98829
573	0		1373.68983
574	0		1581.80717
575	1	Dehydro:11	1641.7108
576	0		1043.55117
577	0		2544.33351
578	0		1949.03294
579	0		1912.00533
580	0		1393.68369
581	0		1219.55677
582	0		1399.71288
583	0		1302.65675
584	0		1480.8361
585	1	Plus1Oxy:4	1453.61766
586	0		2405.20011
587	0		2739.25504
588	0		1146.53387
589	0		1026.53855
590	0		1923.11924
591	0		1562.83437
592	0		1357.7313
593	0		1185.61014
594	0		1387.69828
595	0		1010.44122
596	0		1309.73533
597	0		1573.77693
598	0		2430.31911
599	0		2023.93421
600	0		1544.82315
601	0		1569.78604
602	0		2100.12141
603	2	Dehydro:7,Dehydro:10	1963.82977
604	0		2815.35509
605	0		1552.73097
606	0		1689.8355
607	0		1729.90318
608	0		1387.71288
609	0		2017.04389
610	0		1441.77758
611	0		1587.84085
612	0		1279.61964
613	0		1514.67444
614	0		1160.56075
615	0		1418.6897
616	0		1730.85868
617	0		1103.59745
618	0		1595.72489
619	0		2283.17793
620	0		1613.7797
621	0		1536.81469
622	0		2530.20871
623	0		1639.76636
624	1	Dehydro:4	2558.23819
625	0		1887.07162
626	0		2007.02718
627	0		1573.8351
628	0		1405.69492
629	0		1309.67782
630	0		1322.61019
631	0		1362.7659
632	0		1508.84627
633	0		1662.78235
634	0		1875.84606
635	0		1452.74595
636	0		1098.60327
637	1	Plus1Oxy:2	2497.143
638	0		1218.53387
639	0		2819.33224
640	0		1425.68475
641	0		2429.30524
642	0		1551.86198
643	0		1769.90462
644	0		1231.59786
645	0		1572.85108
646	0		1499.81292
647	0		2003.9799
648	0		1239.73388
649	0		1383.66698
650	0		1351.63674
651	0		1601.84124
652	0		1646.75355
653	0		1294.72443
654	0		1240.67028
655	0		1249.64143
656	0		1284.63093
657	0		1921.02679
658	0		1685.85834
659	0		1552.8361
660	2	Plus1Oxy:9,Plus1Oxy:13	2499.18851
661	0		1145.64038
662	0		2247.1858
663	0		1238.67307
664	0		1924.96036
665	0		2629.4074
666	0		1744.88172
667	0		2624.28159
668	0		2048.01148
669	0		2226.04865
670	0		1437.62274
671	0		1868.90853
672	0		1459.75176
673	0		1433.74351
674	0		1576.75884
675	0		1181.54648
676	0		3091.50967
677	0		1900.93904
678	0		1864.95296
679	0		1339.74589
680	0		1576.78848
681	0		1507.76702
682	0		2849.36546
683	0		1504.77072
684	0		1923.99007
685	0		1269.55216
686	0		1080.67287
687	0		1428.80096
688	0		1887.03524
689	0		1398.783
690	0		1260.64619
691	0		1801.93957
692	0		1656.88344
693	0		1309.62031
694	0		1803.92669
695	0		1307.65094
696	0		1866.95151
697	0		1695.81033
698	0		1602.81134
699	0		1221.64652
700	1	Plus1Oxy:13	1607.74602
701	0		1709.75995
702	0		1447.69559
703	0		1217.61859
704	0		1267.66726
705	0		1292.6724
706	0		1253.63635
707	0		1351.78228
708	0		1305.59488
709	0		1245.62003
710	0		1307.68732
711	0		2006.03193
712	0		1705.80592
713	0		1389.65576
714	0		1093.51921
715	0		1322.75573
716	0		1221.54139
717	0		1661.81475
718	0		1292.56412
719	0		3065.66605
720	0		1571.72489
721	0		2099.13337
722	0		1660.80156
723	0		2520.26814
724	0		1416.67318
725	0		1172.59376
726	0		1119.6036
727	0		1071.54946
728	0		1262.66184
729	0		2095.03333
730	0		2116.04222
731	0		1273.63357
732	0		1301.68263
733	0		1477.70482
734	0		1241.6615
735	0		1404.74998
736	0		1232.67643
737	0		2850.41803
738	0		3087.69399
739	0		1413.67754
740	0		3129.64255
741	0		3176.64325
742	0		1454.67894
743	0		2125.95514
744	2	Plus1Oxy:7,Dehydro:16	3174.59998
745	0		2350.24325
746	0		2414.29165
747	0		1506.699
748	0		1353.70403
749	0		1029.54542
750	0		1322.70812
751	0		1332.65945
752	0		2519.22125
753	0		3329.55874
754	1	Plus1Oxy:6	2505.36237
755	0		1409.65748
756	0		1176.55229
757	0		1231.60841
758	0		1273.65133
759	0		1090.51888
760	0		3388.55497
761	1	Plus1Oxy:3	1461.68812
762	0		1516.78446
763	0		1301.68263
764	0		1974.89584
765	0		1733.75343
766	0		1419.73572
767	0		1292.71281
768	0		2087.08325
769	0		1192.58359
770	0		1725.98756
771	0		1974.99061
772	0		1589.83721
773	0		1196.55738
774	0		2291.29601
775	0		1840.89948
776	0		2976.43982
777	0		986.58339
778	0		1543.73401
779	0		1477.72344
780	0		1619.81542
781	0		2959.38342
782	0		1378.68402
783	0		1565.7725
784	0		1496.77216
785	0		1384.75612
786	0		1761.94849
787	0		1426.77792
788	0		2156.08946
789	0		1993.95601
790	0		1421.66737
791	0		1424.70476
792	0		1355.69453
793	0		1640.77621
794	0		3358.7077
795	1	Dehydro:18	2500.28686
796	0		1312.74623
797	0		2052.18295
798	0		2841.40443
799	0		1149.59641
800	0		2469.41064
801	0		2271.0225
802	0		2052.9455
803	0		1336.735
804	0		2442.28656
805	0		1178.57534
806	0		1666.79099
807	0		1193.59276
808	0		2109.07163
809	0		1390.68402
810	0		1405.73533
811	0		1515.75032
812	0		1346.71935
813	0		1082.57197
814	0		1268.70878
815	0		1666.8314
816	0		1321.58979
817	0		1289.68013
818	0		1913.96684
819	0		1125.61416
820	0		1259.70845
821	0		1688.88403
822	0		2583.23525
823	0		1287.62407
824	0		1359.64183
825	0		1303.68838
826	0		1559.79429
827	0		2672.36559
828	0		1493.74735
829	0		1761.9049
830	0		2775.41768
831	0		2640.24635
832	0		1389.65239
833	0		1176.58868
834	0		1123.5509
835	0		4209.24403
836	0		2529.359
837	0		1184.67643
838	0		1220.60366
839	0		3837.92053
840	1	Plus1Oxy:3	1919.94439
841	0		1081.55896
842	0		3525.74731
843	0		3268.75281
844	0		1357.70884
845	0		2043.06088
846	1	Plus1Oxy:2	1430.63872
847	0		3253.61703
848	0		2799.44754
849	1	Plus1Oxy:21	2327.08107
850	0		3225.71398
851	0		2142.16836
852	0		1877.78155
853	0		2531.17834
854	0		1755.76206
855	0		2122.10913
856	0		2116.02983
857	2	Plus1Oxy:11,Dehydro:12	3110.2924
858	0		2564.22944
859	0		1418.70746
860	0		1364.6724
861	0		1677.8209
862	0		2801.30863
863	0		2571.213
864	0		1350.65675
865	0		1871.89137
866	0		3030.5083
867	0		4484.18909
868	2	Dehydro:37,Dehydro:40	4249.07499
