Unique_Seq_ID	Cleavage_State	Terminus_State	Protein_Name	Protein_Expectation_Value_Log(e)	Protein_Intensity_Log(I)
1	2	0	AT5G65930.2		
2	0	1	AT3G28870.1		
3	2	1	AT5G01410.1		
4	0	1	AT1G13770.2		
5	0	0	AT1G52780.1		
6	0	1	AT5G18840.1		
7	1	0	AT1G04190.1		
8	0	0	AT3G11870.1		
9	0	0	AT1G07330.1		
10	0	0	AT1G67270.1		
11	1	0	AT2G44420.1		
12	0	1	AT5G06100.1		
13	0	0	AT3G03580.1		
14	0	0	AT5G41880.1		
15	0	0	AT5G40440.1		
16	0	0	AT2G20790.1		
17	0	0	AT1G10920.1		
18	0	0	AT1G54340.1		
19	2	1	AT5G01410.1		
20	0	0	AT1G33220.1		
21	0	0	AT5G35695.1		
22	1	0	AT1G27500.1		
23	0	0	AT3G01300.1		
24	0	0	AT5G40340.1		
25	0	0	AT3G49170.1		
26	0	0	AT1G53140.1		
27	0	0	AT1G43080.1		
28	0	2	AT4G29410.1		
29	0	1	AT5G52520.1		
30	0	2	AT3G05520.2		
31	0	0	AT4G27670.1		
32	0	0	AT1G14920.1		
33	1	0	AT1G55610.1		
34	0	2	AT3G15740.1		
35	0	0	AT2G18300.1		
36	1	0	AT2G37840.1		
37	0	0	AT1G65650.1		
38	0	0	AT1G03190.1		
39	0	1	AT5G28080.2		
40	0	0	AT5G18430.1		
41	0	0	AT1G77405.1		
42	0	0	AT5G13320.1		
43	0	2	AT5G59990.2		
44	0	0	AT5G66920.1		
45	0	2	AT5G49980.1		
46	0	0	AT5G64670.1		
47	0	0	AT5G63950.1		
48	1	0	AT1G44030.1		
49	0	2	AT1G10130.1		
50	0	0	AT1G19720.1		
51	0	1	AT2G30770.1		
52	0	2	AT1G08200.1		
53	0	0	AT5G10080.1		
54	1	0	AT3G24870.2		
55	2	1	AT3G09920.1		
56	0	0	AT5G33340.1		
57	0	0	AT5G44495.1		
58	0	0	AT1G60440.1		
59	0	1	AT1G11755.1		
60	0	2	AT2G41550.1		
61	0	0	AT5G40450.1		
62	0	0	AT2G43820.1		
63	2	1	AT3G10700.1		
64	0	0	AT1G72230.1		
65	1	0	AT2G15860.2		
66	0	0	AT1G16500.1		
67	1	0	AT2G10608.2		
68	0	2	AT1G60530.1		
69	0	0	AT5G52700.1		
70	0	0	AT5G65170.1		
71	0	0	AT5G45060.1		
72	0	1	AT1G65484.1		
73	0	2	AT2G35500.1		
74	0	2	AT3G45760.1		
75	0	2	AT5G13660.2		
76	0	0	AT2G29600.1		
77	0	2	AT5G62920.1		
78	0	0	AT5G26742.2		
79	0	0	AT5G22730.1		
80	0	1	AT1G14670.1		
81	0	2	AT5G46590.1		
82	0	0	AT4G11170.1		
83	0	0	AT5G15250.1		
84	1	0	AT4G04955.1		
85	2	3	AT3G02555.1		
86	0	0	AT1G70480.1		
87	1	0	AT2G24520.1		
88	0	0	AT5G58820.1		
89	0	0	AT5G63990.2		
90	0	1	AT3G46460.1		
91	1	0	Contaminant_K22E_HUMAN		
92	0	0	AT5G66520.1		
93	1	0	AT5G08550.1		
94	0	0	AT5G58960.1		
95	1	0	AT2G43160.2		
96	2	3	AT5G48480.1		
97	1	0	AT5G67030.2		
98	0	0	AT5G66570.1		
99	1	0	AT1G23230.2		
100	2	3	AT5G61340.1		
101	2	3	AT2G16710.1		
102	1	0	AT1G22410.1		
103	1	0	AT4G17770.1		
104	0	0	AT3G04930.2		
105	0	1	AT1G23410.1		
106	1	0	AT1G07660.1		
107	0	0	AT5G13200.1		
108	2	1	AT5G01410.1		
109	1	0	AT1G07660.1		
110	1	0	AT5G01410.1		
111	0	0	AT1G16870.1		
112	0	0	AT3G07610.1		
113	1	0	AT1G07660.1		
114	1	0	AT1G09200.1		
115	0	1	AT1G48780.1		
116	2	1	AT5G01410.1		
117	1	0	AT3G19840.1		
118	0	0	AT3G21290.1		
119	2	1	AT5G01410.1		
120	0	0	AT3G05630.1		
121	1	0	AT3G48470.1		
122	0	0	AT1G04210.1		
123	0	0	AT4G19130.1		
124	0	0	AT3G44920.1		
125	1	0	AT1G14750.1		
126	2	1	AT5G01410.1		
127	1	0	AT4G39380.2		
128	1	0	AT5G01410.1		
129	0	1	AT5G12250.1		
130	0	0	AT4G33200.1		
131	2	0	AT5G65360.1		
132	1	0	AT1G55150.1		
133	2	1	AT5G01410.1		
134	2	1	AT5G01410.1		
135	1	0	AT4G37970.1		
136	0	2	AT5G59690.1		
137	0	1	AT5G23860.1		
138	0	1	AT5G01410.1		
139	1	0	AT5G01410.1		
140	0	1	AT5G01410.1		
141	2	1	AT5G01410.1		
142	0	2	AT3G17490.1		
143	1	0	AT1G29750.1		
144	0	0	AT3G50780.1		
145	0	1	AT5G01410.1		
146	0	0	AT1G52315.1		
147	1	0	AT1G13710.1		
148	2	1	AT5G01410.1		
149	1	0	AT5G01410.1		
150	1	0	AT5G59070.1		
151	2	1	AT5G01410.1		
152	1	0	AT2G18630.1		
153	0	0	AT1G27040.2		
154	2	1	AT5G01410.1		
155	1	0	AT1G07660.1		
156	0	1	AT5G01410.1		
157	0	0	AT3G10870.1		
158	0	1	AT5G01410.1		
159	0	0	AT1G03300.1		
160	0	0	AT4G37270.1		
161	2	1	AT5G01410.1		
162	0	0	AT2G40030.1		
163	0	0	AT1G18090.1		
164	2	1	AT5G01410.1		
165	0	0	AT5G59120.1		
166	1	0	AT1G07620.1		
167	1	0	AT1G16130.1		
168	1	0	AT5G65360.1		
169	0	0	AT2G36980.1		
170	0	0	AT1G49530.1		
171	0	2	AT1G62160.1		
172	1	0	AT1G09200.1		
173	0	0	AT3G19050.1		
174	0	0	AT3G59130.1		
175	1	0	AT1G18871.1		
176	0	0	AT5G51460.3		
177	1	0	AT1G53750.1		
178	0	0	AT1G24220.1		
179	2	1	AT5G01410.1		
180	0	0	AT5G13550.1		
181	0	0	AT3G57660.1		
182	0	0	AT1G49160.1		
183	0	0	AT1G64630.1		
