Unique_Seq_ID	Mod_Count	Mod_Description	Monoisotopic_Mass
1	0		8519.58498
2	1	Acetyl:1	3708.17166
3	1	+3252.37:1	6760.228
4	1	+3210.35:1	6718.208
5	1	+3210.36:1	6718.218
6	2	+28.0200:9,Methyl:25	6993.08483
7	1	+28.0400:1	4216.46339
8	2	Acetyl:1,+3210.36:2	6760.228
9	1	+3210.35:1	5849.71276
10	1	+3252.36:1	6760.218
11	1	+3252.36:1	5577.52737
12	1	+3210.35:1	5535.51737
13	1	Acetyl:1	6019.50645
14	1	Acetyl:1	6416.77533
15	1	+3252.36:1	5891.72276
16	1	Acetyl:1	3864.27276
17	2	Acetyl:1,+3341.39:9	6760.21753
18	1	+8369.28:1	11348.8538
19	2	Acetyl:1,+3299.38:7	6718.20753
20	1	+3210.36:1	10963.37469
21	2	Acetyl:1,+3299.39:7	6718.21753
22	1	Acetyl:1	6993.05483
23	1	-0.45000:166	21200.75359
24	1	+3252.36:1	5118.27922
25	1	+3210.35:2	5849.71276
26	1	+3210.35:1	5076.26922
27	1	+3210.35:2	5076.26922
28	2	Acetyl:1,+3168.35:19	10963.37469
29	2	Acetyl:1,+3341.40:7	6760.22753
30	2	Acetyl:1,-4897.58:52	6415.79245
31	1	+3252.37:1	6231.9438
32	1	-118181.:26	3864.25995
33	1	Acetyl:1	9447.44066
34	2	Acetyl:1,+3210.35:2	5891.72276
35	2	Acetyl:1,-24071.4:17	10184.76512
36	0		10947.32731
37	0		4014.66187
38	1	-1748.88:2	5577.57581
39	0		2842.12839
40	0		17544.55652
41	0		2876.16642
42	0		21005.22763
43	0		32856.16122
44	1	+16.7300:60	7499.33021
45	1	-30489.3:9	13996.34947
46	0		14491.96577
47	0		17205.20333
48	1	-1443.72:56	6231.966
49	1	+3210.36:1	6189.9338
50	0		16767.58764
51	0		5535.53886
52	2	-20610.2:2,+229.250:203	4360.37356
53	0		24981.84652
54	0		17934.79435
55	0		10270.71216
56	0		2876.18409
57	0		6118.94463
58	0		17823.32722
59	0		17935.09215
60	0		5317.46646
61	0		3901.7104
62	0		2860.16362
63	0		3972.67605
64	0		6091.08065
65	0		4360.38665
66	0		16734.62281
67	0		21005.31473
68	0		24106.45444
69	0		17222.13295
70	0		21004.28288
71	0		16815.55998
72	0		4654.53938
73	0		17544.91606
74	1	Acetyl:1	24232.13304
75	0		4476.52903
76	0		17545.9172
77	0		4432.3588
78	0		17275.93529
79	0		16821.69123
80	0		26393.58461
81	0		10312.81614
82	0		17948.97063
83	0		17162.73258
84	0		17204.72545
85	1	Acetyl:1	21200.92436
86	0		14492.17376
87	0		3529.17234
88	0		10312.9927
89	0		36436.52964
90	0		36403.14271
91	0		4387.94429
92	0		18211.52172
93	0		36405.92324
94	1	Acetyl:1	24233.59021
95	0		17823.0889
96	1	-13135.6:9	5710.26445
97	0		36406.30118
98	0		17951.11954
99	0		17934.95994
100	0		24864.45375
101	1	+3210.35:1	5204.36418
102	0		4062.10332
103	1	-43.8800:136	16734.66047
104	0		26975.57042
105	0		17773.77463
106	0		9796.76632
107	0		17378.9941
108	0		22697.31477
109	0		10963.46355
110	0		10312.90897
111	1	Acetyl:1	17162.70375
112	0		4118.23216
113	1	Acetyl:1	14245.09604
114	0		3634.7273
115	0		17378.78183
116	0		24232.71574
117	0		26050.15164
118	1	Acetyl:1	31630.4306
119	0		4529.38776
120	0		37273.07119
121	1	+919.600:1	17406.9182
122	0		17204.83526
123	0		36500.26002
124	1	+52.0300:1	4276.87344
125	0		7399.96879
126	1	Acetyl:1	10270.7329
127	0		24232.01574
128	0		10184.70889
129	1	+21.8900:28	4014.65448
130	0		6523.11865
131	0		10312.84932
132	0		17822.20306
133	0		13996.70169
134	0		17430.82533
135	1	+41.0000:1	16639.96189
136	1	+4.79000:1	9365.04352
137	0		24863.94102
138	1	+56.0800:87	9439.11279
139	0		2794.61818
140	0		17935.07937
141	1	Acetyl:1	17934.62513
142	0		36404.53455
143	1	+11.0800:81	9796.71175
144	1	Acetyl:1	17790.99275
145	1	Acetyl:1	31140.75758
146	1	Acetyl:1	3790.94255
147	1	-26.9300:159	17378.87023
148	0		12837.34185
149	1	-4.13000:21	3125.41461
150	0		17379.00249
151	2	+7.72000:1,-7.74000:26	3790.98062
152	1	-12.0500:46	6160.96537
153	1	-6.51000:23	4099.47372
154	0		7399.88922
155	0		22235.32959
156	0		17876.08585
157	0		17545.91782
158	1	-46.9700:1	17430.96757
159	0		13996.37158
160	1	+25.6500:1	5987.78986
161	1	+11.1400:135	23613.81356
162	1	Acetyl:1	14721.44749
163	0		17221.99932
164	1	-33.0200:1	17823.09284
165	1	+1.45000:67	29782.94975
166	1	+27.9200:55	6955.62965
167	1	Acetyl:1	17774.97071
168	0		3508.76972
169	1	-55.2300:141	16505.39683
170	1	-27.8100:161	17322.95242
171	1	+0.99000:1	17163.08251
172	1	+274.790:1	4029.71067
173	1	-43.1300:1	25969.1561
174	1	-32.4200:1	6118.88504
175	1	+52.8900:74	8483.34954
176	1	-0.23000:1	13737.90415
177	1	+32.1700:1	18957.15701
178	0		17545.98119
179	1	+26.6100:1	2913.05789
180	1	-26.1500:1	2842.14448
181	1	+13.1000:1	17406.96933
182	1	Acetyl:1	36420.92736
183	0		14975.73803
