Unique_Seq_ID	Mass_Correction_Tag	Position
2	Acetyl	1
3	+3252.37	1
4	+3210.35	1
5	+3210.36	1
6	+28.0200	9
6	Methyl	25
7	+28.0400	1
8	Acetyl	1
8	+3210.36	2
9	+3210.35	1
10	+3252.36	1
11	+3252.36	1
12	+3210.35	1
13	Acetyl	1
14	Acetyl	1
15	+3252.36	1
16	Acetyl	1
17	Acetyl	1
17	+3341.39	9
18	+8369.28	1
19	Acetyl	1
19	+3299.38	7
20	+3210.36	1
21	Acetyl	1
21	+3299.39	7
22	Acetyl	1
23	-0.45000	166
24	+3252.36	1
25	+3210.35	2
26	+3210.35	1
27	+3210.35	2
28	Acetyl	1
28	+3168.35	19
29	Acetyl	1
29	+3341.40	7
30	Acetyl	1
30	-4897.58	52
31	+3252.37	1
32	-118181.	26
33	Acetyl	1
34	Acetyl	1
34	+3210.35	2
35	Acetyl	1
35	-24071.4	17
38	-1748.88	2
44	+16.7300	60
45	-30489.3	9
48	-1443.72	56
49	+3210.36	1
52	-20610.2	2
52	+229.250	203
74	Acetyl	1
85	Acetyl	1
94	Acetyl	1
96	-13135.6	9
101	+3210.35	1
103	-43.8800	136
111	Acetyl	1
113	Acetyl	1
118	Acetyl	1
121	+919.600	1
124	+52.0300	1
126	Acetyl	1
129	+21.8900	28
135	+41.0000	1
136	+4.79000	1
138	+56.0800	87
141	Acetyl	1
143	+11.0800	81
144	Acetyl	1
145	Acetyl	1
146	Acetyl	1
147	-26.9300	159
149	-4.13000	21
151	+7.72000	1
151	-7.74000	26
152	-12.0500	46
153	-6.51000	23
158	-46.9700	1
160	+25.6500	1
161	+11.1400	135
162	Acetyl	1
164	-33.0200	1
165	+1.45000	67
166	+27.9200	55
167	Acetyl	1
169	-55.2300	141
170	-27.8100	161
171	+0.99000	1
172	+274.790	1
173	-43.1300	1
174	-32.4200	1
175	+52.8900	74
176	-0.23000	1
177	+32.1700	1
179	+26.6100	1
180	-26.1500	1
181	+13.1000	1
182	Acetyl	1
