Unique_Seq_ID	Mass_Correction_Tag	Position
2	-44765.5	7
3	-1.02000	1
6	+16.3100	1
7	-0.99000	1
8	GluToMet	12
9	-53.0400	1
9	+296.130	15
10	-13355.2	12
10	-64.0000	204
11	+1.02000	20
12	5C132N15	42
13	+1.03000	24
14	-0.99000	26
16	-59.0100	38
17	-7969.14	12
17	+3.08000	112
18	GluToMet	16
20	+4826.58	11
20	-6527.30	33
22	-8215.83	19
22	+26.0300	153
23	-1864.96	12
24	-20922.7	4
24	+38.0100	257
26	-8341.35	6
26	-54.9800	130
27	+16.0000	1
28	-33.0400	1
29	+7.91000	57
31	-13.8800	1
32	+40.1300	1
33	-10938.3	23
33	-36.9300	174
34	-12.8800	1
35	-70.8500	1
36	-1.02000	35
37	AmOxButa	1
38	+31.4000	1
38	+12.6400	10
39	+38.3900	1
39	-69.6400	44
40	GluToMet	17
42	-30.0400	1
43	-18.0400	1
44	+157.070	8
44	-52.0100	41
45	Dehydro	1
46	-56.7300	1
47	-26.4500	1
49	-1708.78	59
50	-1.97000	1
51	+68.1600	72
52	-53.0000	1
53	-8410.29	28
53	+34.1800	164
54	+12.9900	1
55	-12887.5	51
55	+54.9600	180
56	-46.9900	60
57	-3231.64	57
58	-1.02000	25
59	-3627.01	22
59	-13.0200	85
60	+61.6300	1
61	+32.1200	1
62	-8698.42	17
62	+0.34000	117
63	-73.0600	1
64	-14.8900	1
65	4C135N15	1
65	-57.2700	25
66	+71.1100	60
67	-14066.6	2
68	+6.04000	1
70	-756.380	25
71	+2.49000	1
72	-32820.2	9
72	+41.9700	307
73	-1.62000	1
74	-1.63000	1
75	+42.1500	1
75	-14.9400	67
76	-676.290	21
77	-4.69000	1
77	+32.0300	89
78	-29.9600	1
79	+2285.08	31
79	+25.1300	44
80	-1.99000	36
81	-16.0000	36
82	Iso_N15	34
84	+4.29000	49
85	-19169.2	22
85	-21.4400	192
86	-19265.8	50
86	-0.58000	249
87	-68.1900	1
87	+42.3300	68
88	-71.7900	24
89	+42.1200	1
89	+57.1500	63
90	+42.1000	1
90	+7.17000	67
91	-3.39000	1
91	+29.2300	17
92	+1230.51	2
93	+11.1100	75
94	+4.41000	1
95	+36.0200	1
96	+42.1200	1
96	+3.14000	192
97	+41.9100	1
97	-13792.7	123
98	-12628.5	111
99	-47.8900	1
100	-4571.01	108
100	+18.7000	194
101	-14781.1	97
102	+41.9800	1
102	-10447.3	115
102	+61.7100	274
103	+9.69000	115
104	-6172.79	49
105	+20.2500	1
106	Acetyl	1
107	-43732.9	41
107	-16.5400	471
108	Acetyl	1
109	+50.1700	163
111	+42.3000	1
111	+29.0100	98
112	-6.69000	104
114	-46.8800	1
115	+32.9600	159
116	+52.7500	101
118	+31.1300	1
119	+31.1400	1
120	Acetyl	1
121	+62.1000	75
122	-9137.39	87
123	-15.8400	65
124	+41.9300	107
125	+58.1300	1
125	+5273.50	17
126	-5.98000	119
127	-48.0200	102
128	-8754.99	40
128	+6.55000	216
129	Acetyl	1
130	-12.7500	59
132	+12.9600	140
133	+47.0800	150
134	-433.160	122
135	+7.31000	1
136	+4.60000	1
137	Acetyl	1
138	Acetyl	1
139	Acetyl	1
140	6C13	1
141	+7.33000	1
142	-31.3000	155
143	+42.1200	1
143	-5488.58	92
144	-37.6900	181
145	+31.7100	38
146	+11.6000	53
147	+46.1100	126
148	+42.1700	1
148	+21.7000	153
149	+42.0900	1
149	-42.6600	77
150	Acetyl	1
151	+42.1500	1
151	+22.7300	139
152	+8.87000	163
153	+42.1100	1
153	-32297.9	92
154	+10.1600	1
155	+17.4000	1
156	-4835.10	151
157	+6.93000	122
158	+41.9700	1
158	+42.2100	172
159	+42.0800	1
159	-64.3400	164
160	+2.41000	109
161	-23.2100	43
162	+27.1400	1
163	Acetyl	1
164	-30.4500	89
165	-22234.2	105
166	+17.8500	105
167	+37.9500	1
167	-4425.21	66
168	-14736.1	66
169	Acetyl	1
170	-34.7600	1
171	-987.460	18
172	-1.97000	112
173	+0.87000	195
175	+32.0800	127
176	Acetyl	1
177	Acetyl	1
178	-37.1100	122
179	+19.7800	116
180	+36.9500	225
181	-10.9300	1
182	-63.0700	204
183	-1.66000	1
186	-30868.8	68
188	+41.8700	1
188	+44.3000	161
189	-14930.4	155
190	Acetyl	1
191	+29.7400	1
192	-14.4500	202
193	+27.2100	147
194	Acetyl	1
195	+2.96000	154
196	-20.3200	160
197	-3.83000	172
198	+11.9300	1
199	+41.8000	1
199	Deamide	132
200	-56.2300	50
201	+15.8100	194
202	-53.7000	169
203	+35.9400	140
204	+42.0700	1
204	+32.9200	205
205	+38.4800	1
206	+42.2700	1
206	+32.8600	220
207	Acetyl	1
208	-16505.6	12
209	-9.56000	121
210	-18.8500	1
211	-1661.84	169
212	TriMeth	1
212	+53.8500	119
215	-11214.3	162
216	+41.7000	1
216	+3010.77	74
217	-31.3400	1
218	-16652.5	75
219	-9037.92	107
220	-4.80000	126
221	+4773.78	143
222	-11.8900	164
223	Acetyl	1
223	+33.6500	133
224	-40862.7	103
226	-2.84000	1
228	+57.0400	167
229	+17.0000	138
231	-25.4700	1
232	Acetyl	1
233	-39.9700	208
234	Acetyl	1
235	+62.0900	1
236	Acetyl	1
237	+7.98000	1
238	+19.3900	134
239	+11.5200	225
240	+31.0300	113
241	+19.1600	1
242	-24.6500	108
243	-2.09000	1
244	+5.86000	158
245	-8.17000	178
246	+42.2600	1
246	-2088.85	15
247	+9.41000	208
248	+4840.11	32
249	-22617.0	95
250	+2.07000	186
251	-24181.7	14
251	-19.5100	268
252	-3633.49	105
253	+26.0300	1
254	HMOSERLC	117
255	-23.2200	1
256	+20.2500	172
257	-50.1000	127
258	-19766.4	94
259	+42.0800	1
259	-63.1200	115
260	-15396.7	2
262	-45.0100	72
263	+18.2000	192
264	-28.7700	40
265	+42.9100	113
266	-20902.8	4
267	-6004.91	128
268	+42.1100	1
268	-54.6500	122
269	-839.580	14
269	+4.91000	198
270	-2616.34	24
271	-25719.9	70
272	Acetyl	1
273	-26.0700	129
274	-3768.88	24
274	-18.9300	115
275	+7.11000	89
276	-4.85000	130
277	-23.6700	153
280	-675.340	93
280	+36.9500	164
281	Acetyl	1
282	Acetyl	1
283	-40.8600	70
284	+42.1400	1
284	-63.6400	133
285	-11.8100	147
286	-59.3600	127
287	+42.1000	1
287	+23.0700	209
288	+19.8500	140
290	+7.11000	1
291	DCAT_D3	1
292	+66.4800	1
293	-709.070	100
293	+12.8600	155
294	-43.7200	104
295	-13332.7	52
295	+53.2300	204
296	-14.1600	115
297	-10094.0	30
298	-24.9100	1
299	+13.3000	1
300	+154.110	1
301	BS3Olnk	1
302	+14.4700	1
303	-7238.32	19
303	-2681.16	118
304	Acetyl	1
304	-2629.23	95
305	-3.91000	119
306	+155.170	1
307	+158.210	1
308	+9559.92	1
308	-8658.36	33
309	+156.220	1
310	-13591.7	95
312	+154.210	1
313	-1.89000	1
314	Acetyl	1
315	+155.200	1
316	+50.9500	1
317	-2.81000	1
318	-1.82000	1
320	+212.060	1
321	-14.8100	1
322	+43.4200	136
323	+42.1500	1
323	-9.76000	160
324	-2.88000	119
325	-2.88000	117
326	-3.91000	117
328	-2.85000	117
329	+157.210	1
331	-3.64000	84
332	+2675.37	121
333	-2.15000	1
334	+42.1700	1
334	+69.6700	132
335	+698.490	7
336	-7.83000	119
337	+33.8300	1
338	-12841.6	18
339	+29.6800	1
340	+42.0700	1
340	+20.0200	59
341	+156.150	1
342	-43565.2	11
344	Acetyl	1
345	+48.6300	1
346	-8279.48	93
347	4xDeut	193
348	+50.0000	100
349	Acetyl	1
350	-11.6000	1
352	-15051.3	95
353	+37.8000	166
354	-19.2400	1
355	-9666.11	127
356	-23229.1	140
356	-10.6300	379
357	+39.0900	1
358	+11.7300	1
359	+32.4200	36
360	-9761.76	55
360	LeuToMet	240
362	+138.260	1
363	-4.94000	1
364	-19.1300	160
365	-2.91000	1
366	CTrmAmid	40
367	-2.99000	82
368	-2.98000	103
369	-8583.15	103
369	+55.9200	270
371	-0.95000	19
372	-1.96000	149
373	Acetyl	1
374	+11.1000	1
376	+215.320	1
377	-3.86000	1
378	-1.85000	1
379	+16.0800	1
380	+384.420	105
381	-31.8700	1
382	+156.250	1
383	-1.83000	1
384	+131.180	1
385	-50.0300	163
386	+55.0100	1
387	-1.86000	1
388	+28.1500	1
389	Acetyl	1
390	+156.230	1
392	-1.97000	96
393	+41.9900	1
393	-57.0100	170
394	-30.7500	1
395	-19.0200	1
396	+157.260	1
397	+5449.86	1
399	-29605.2	14
400	-33.9100	160
401	+17.7500	1
402	+478.340	1
403	+479.360	1
404	+478.330	1
405	+1405.31	1
406	-2610.15	13
407	+35.5500	1
407	+27.0300	169
408	+209.090	1
409	-1.87000	1
410	-19.9500	167
411	+155.260	1
412	+6.49000	143
413	+208.120	1
414	Acetyl	1
415	-55.4300	1
415	+27.0400	86
416	-13.9700	1
417	+41.9600	1
417	-13987.2	108
419	+156.280	1
420	+260.150	1
421	-19457.6	39
423	+154.070	79
424	+155.310	1
425	+1226.56	1
426	+155.340	1
428	+42.3600	1
428	-4337.16	104
429	-2.80000	1
430	EDA	1
430	+3442.38	118
431	-37.7800	149
432	+4.14000	1
433	+156.330	1
434	+157.350	1
435	-19.1000	131
436	+156.300	1
437	+407.540	87
438	Acetyl	1
439	-2.77000	1
440	Acetyl	1
443	-2.84000	1
444	Acetyl	1
445	Acetyl	1
446	-2.82000	1
447	+158.250	1
448	-14.6400	185
449	+4397.32	11
450	+7128.31	1
451	+41.7500	1
451	-71.5200	175
452	+2008.34	105
453	+50.0900	1
454	Acetyl	1
455	Acetyl	1
456	-2.73000	1
457	+156.260	1
458	+43.8200	1
459	+264.110	61
460	+6.37000	1
461	+26.0900	1
463	+12.6500	1
465	-46.2300	36
467	-3.81000	1
468	-10006.1	11
468	-29.9600	133
469	+0.31000	84
470	-2.83000	1
471	+112.190	1
472	+42.1300	1
472	+114.070	101
473	+39.8800	156
474	+42.1000	1
474	-22.0100	197
475	+155.320	1
476	+33.4400	1
477	+41.9800	1
477	-30673.8	110
478	+121.300	1
479	-2.85000	1
480	-4593.06	64
481	+317.070	1
482	+217.190	1
483	+32.4400	155
484	-6105.02	3
485	+1180.99	1
486	+62.0300	1
487	-38.6400	1
490	-2.79000	1
491	+26.7400	1
492	-40.0900	179
493	Acetyl	1
494	+4.56000	171
495	-27.9300	149
496	-16.8500	1
497	+6849.08	42
498	+157.320	1
499	-12.0300	191
500	+42.1500	1
500	+115.070	38
502	+209.150	1
503	-49.1900	1
505	+41.8600	1
505	+21.7000	108
506	+208.190	1
507	-7.93000	1
508	+170.130	1
509	-2699.87	9
510	+42.1100	1
510	+23.9300	46
511	-13.3800	119
512	+156.290	1
513	-17196.6	94
514	-62.7000	1
516	+211.270	1
517	Acetyl	1
518	+15.1700	1
518	+27.0300	64
519	+156.310	1
520	+35.4300	182
521	+42.1300	1
521	+114.110	38
522	-3.79000	117
523	Unknown1	1
524	+42.1300	1
524	+114.120	111
525	+156.320	1
526	+3225.63	1
526	-3067.28	77
527	+28.0600	1
528	Acetyl	1
529	+4653.23	1
529	-4423.00	79
530	-2.86000	1
531	+29.5700	1
532	-2.94000	113
533	+196.190	1
534	+41.9300	1
534	+3519.30	50
535	+8.81000	1
536	-9656.74	94
537	-2385.24	86
538	Acetyl	1
539	+155.270	1
540	-18.7700	1
541	-58.8400	161
543	+157.240	1
544	+157.280	1
545	-2445.43	113
546	+157.230	1
548	-19.6800	168
550	+17.3700	1
550	+34.5600	29
551	-0.97000	164
552	-60.1000	143
553	Acetyl	1
554	+208.210	1
555	+1308.86	1
555	+663.660	118
556	-2.97000	206
557	-31.8000	1
558	-2.84000	1
559	-1.99000	163
560	Sulf-10	1
561	-1.95000	144
562	+54.6100	159
563	+48.0300	142
564	-1.93000	197
565	-41.3900	171
566	+9.35000	148
567	+6338.50	68
568	-48.5400	1
569	+42.1300	1
569	+16.7900	230
571	-10772.2	50
572	+1454.55	1
573	-12.9400	1
574	+45.8300	1
575	+22.9900	135
576	+18.1700	1
577	Acetyl	1
578	-3.78000	159
579	-5988.10	12
579	-5951.50	212
580	-44.1000	1
581	+42.8900	106
582	+39.8800	181
583	+22.9400	1
584	+41.6900	1
584	+698.240	111
585	+154.260	1
586	+41.7300	1
586	-0.52000	192
587	-29.0500	1
588	+42.8800	106
589	-9660.63	121
590	+15.2400	1
591	-18267.3	118
591	+41.1300	318
592	-3.84000	1
593	-1.75000	1
594	+5303.30	116
595	+14.1700	129
596	+41.7500	1
596	-22.4500	152
597	-35.4600	90
598	+155.220	1
599	-15.8100	154
600	-1.91000	1
601	Acetyl	1
603	-3.79000	164
604	+158.220	1
605	-3.84000	117
606	Acetyl	1
607	+155.230	1
609	C12-C13	120
610	-1.97000	1
611	+351.330	103
612	+41.8900	1
612	-54.0200	142
613	+3225.63	1
613	-14860.4	25
614	+2927.58	1
614	+2009.25	118
615	-2.89000	103
616	-0.86000	1
618	-1.97000	120
619	-3.87000	117
620	+9.31000	92
622	-9226.94	124
624	-13.4400	151
625	+34.6400	1
626	-19.1500	107
627	-1.95000	1
627	-1.90000	144
629	-16268.4	55
630	-45.9000	1
631	-0.77000	1
634	EDA	1
634	-3.80000	144
635	-32.6000	54
636	+920.580	116
637	+51.0700	105
638	-1.79000	1
639	+160.320	1
640	+2395.16	1
641	Iso_N15	45
642	+27.7600	1
643	Dehydro	45
644	+22.0400	169
645	+11752.3	1
646	Acetyl	1
647	-14498.3	49
648	+158.260	1
651	+20.9800	1
652	+47.4400	214
653	-41.4600	1
654	+56.7300	1
655	+1.12000	1
656	+7.29000	1
658	-12.7200	1
659	+22.9700	196
660	+13.1000	1
661	+51.1700	1
662	+80.2100	1
663	Acetyl	1
664	-1.88000	59
665	+5429.74	1
666	+2645.71	1
666	-2487.46	84
667	+39.5800	150
668	-0.80000	1
669	-0.84000	1
670	-1.81000	120
671	-44.8400	1
672	-11.9300	1
673	-36.9600	136
674	-1.87000	1
675	-42.5400	1
676	-45.8700	1
677	-2.85000	1
678	+41.9800	1
678	+857.510	12
679	-35.1400	156
680	-2.82000	1
681	+17.1300	1
682	Acetyl	1
684	+48.0600	1
685	+42.0900	1
685	+783.440	47
686	-2.80000	1
687	+1014.00	1
688	+972.600	1
689	-46.8700	1
690	-3.79000	1
691	+51.0200	1
692	-44.8600	1
693	-4.83000	1
696	-16.9800	1
696	+27.0400	193
697	-53.0100	1
698	+4024.67	136
699	Acetyl	1
700	-23.1200	1
701	+41.8400	1
701	-11.4000	141
702	+1849.19	56
703	+90.1200	1
704	CTrmAmid	45
705	+1089.28	9
706	+99.0900	1
707	+192.280	133
708	+1810.04	1
709	+42.0700	1
709	+9.31000	190
710	MetToLys	1
711	-47.0400	1
711	+29.1700	117
712	+1885.04	131
713	+47.0100	1
714	-1.81000	1
715	+11.2300	1
716	+28.5200	1
717	-2.81000	1
718	+1355.31	206
719	+42.1700	1
719	-1574.84	114
720	+1849.18	109
721	+2084.07	81
722	+947.470	38
722	+27.0300	182
723	+1193.48	1
724	+33.0900	1
726	+50.1400	1
727	+42.2100	1
727	-6.94000	141
728	-4.74000	1
729	-22.1800	128
730	-48.3200	1
731	+1069.63	1
732	-57.8400	1
733	-20.6400	1
734	-0.89000	1
735	+27.6300	1
736	+934.580	1
737	+4811.57	1
738	-13434.5	94
739	-15377.8	95
740	-46.8200	1
741	+1673.92	17
742	+901.220	1
743	+42.0900	1
743	+28.8700	182
744	+6138.96	1
745	+41.9400	1
745	+24.1400	139
746	-45.9200	1
747	-18.1500	137
748	-45.8800	1
749	N15_4x	1
750	-113.090	118
751	-46.8800	1
752	-2.83000	1
753	+965.440	68
754	-2.79000	1
755	-1.82000	1
756	+192.260	159
757	-41.3300	1
757	Formam	195
758	Acetyl	1
759	-4.82000	1
760	-46.8500	1
761	Acetyl	1
762	-2.78000	98
763	-59.3800	1
764	-48.0500	146
765	-19.1600	122
766	+5.15000	1
767	-14944.3	93
768	+5304.93	55
769	+1146.77	100
769	NH2+10Da	191
771	Acetyl	1
772	+51.0600	1
774	+6177.54	1
775	-54.0300	146
778	-23.8900	1
779	+866.270	1
780	-34269.6	37
781	-1.86000	1
782	-1.83000	1
783	+2722.10	1
784	+42.1300	1
784	+38.6600	92
785	-44866.2	19
785	+7.70000	536
786	+97.1300	1
787	+808.370	1
788	-38.0600	1
789	+5284.16	1
790	+2.16000	1
791	+38.9800	208
792	Acetyl	1
793	+48.3900	1
794	+42.1500	1
794	-77.0800	159
795	-29649.1	54
796	+1.17000	137
797	-12155.0	86
798	+6564.69	1
799	-1.02000	119
800	-15.8800	138
801	+8377.33	38
801	+27.0200	97
803	+6.83000	205
806	+6.14000	117
807	-34.9700	1
808	-1.99000	73
809	+30.1700	161
810	-9.91000	135
811	-1.78000	202
812	Dehydro	14
813	CTrmAmid	51
814	-0.99000	50
815	Dehydro	99
816	-0.99000	150
817	-0.95000	1
817	+7.13000	117
818	+805.480	1
819	-0.96000	1
819	+1167.21	79
820	-2.85000	71
821	-0.89000	111
822	+169.190	1
823	CTrmAmid	99
824	-34313.1	155
825	+4742.16	59
826	+11.8000	1
827	+4767.55	42
828	-43.2800	174
829	-6759.11	141
830	DCAT_D3	59
831	+15.2700	228
832	-30.0500	1
833	Dehydro	1
834	-24.6500	1
835	+3086.34	1
836	-50.9000	119
837	-30.1900	1
838	-0.88000	1
839	+30.9900	1
840	+3674.57	160
841	+42.0900	1
841	-3910.31	39
842	+42.1400	1
842	+18.3200	146
843	-26789.6	69
844	+31.6600	1
845	Acetyl	1
845	+35.2000	196
846	-0.80000	1
847	-15710.8	4
847	-27.4700	161
849	-51.9900	1
850	+1.08000	1
851	-1.84000	1
852	+2179.24	1
853	Acetyl	1
854	+158.230	1
855	+7213.83	119
856	+676.190	1
857	+834.260	1
858	+49.1700	165
860	+57.1000	130
861	-27225.9	27
861	+35.9600	286
862	+4435.36	120
863	-18.7300	157
864	-7.74000	180
865	-24.3000	1
866	+20.1500	1
867	-1.97000	1
868	-10.4200	1
869	-13145.0	93
871	TriMeth	1
871	-10.0300	241
872	-1.81000	71
873	-0.84000	98
874	-42658.0	106
875	-1.86000	59
876	+730.820	153
877	+63.6100	1
878	+23.8600	1
879	-1661.77	84
880	-0.81000	1
881	-0.94000	68
882	-0.99000	111
884	+5.13000	69
885	CTrmAmid	59
886	-1.83000	117
887	-1.90000	58
888	+1117.35	1
889	+5676.90	56
891	+1.19000	1
893	Acetyl	1
894	Acetyl	1
895	Acetyl	1
896	+37.2200	156
897	-23.8700	168
898	-1.99000	1
899	-1.78000	123
900	+29.8000	1
901	-448.160	96
901	-22.6800	208
902	-2.85000	119
903	-2.00000	48
904	-3.93000	1
905	MinusH2O	1
906	-5271.68	91
907	-0.81000	118
908	CTrmAmid	55
910	-0.83000	118
912	-26678.8	17
913	-15544.0	82
914	Acetyl	1
915	-0.91000	1
916	+2265.97	112
917	+326.310	38
918	-781.320	65
919	-16.0400	166
920	+42.2600	1
920	+52.9800	116
921	Acetyl	1
922	+16.9400	72
923	-1.92000	1
924	+1.14000	99
925	+42.1000	1
925	-41.9400	62
926	+42.3600	1
926	-8558.84	110
926	-51.7800	275
927	-33.3900	1
928	Acetyl	1
928	-8418.38	103
929	-44.9100	1
930	+41.7000	1
930	-44.3000	134
931	+6238.90	1
932	+23.0500	184
933	-0.78000	117
934	-1.92000	98
935	-1.84000	98
936	-3337.52	40
937	-0.85000	1
938	-20.3900	1
939	-0.90000	1
941	-62.7200	145
942	-20.1800	205
943	+58.1000	191
944	-0.87000	1
945	-2.85000	59
946	+352.310	104
947	-2.91000	114
948	+2.14000	115
949	-24.1300	180
950	-2.81000	117
951	-2.01000	57
952	-2.85000	117
953	-1.04000	1
954	-2.84000	117
955	+42.1000	1
955	+2.97000	122
956	-61.4400	1
957	Acetyl	1
958	-299.220	120
959	-5827.24	14
960	+45.0500	1
961	+1954.69	118
962	+1174.66	117
963	-19.1500	106
964	-1.98000	1
965	+5808.18	1
966	-10196.0	12
966	-56.8900	285
967	+42.8700	106
968	-2.92000	99
969	-1.88000	59
970	+12.7200	1
971	-10384.4	8
971	+32.5400	146
972	+1000.55	1
973	-2.91000	1
974	-4505.63	13
974	-27.1000	237
975	+1305.38	1
976	+833.270	59
977	+12653.0	118
978	+158.060	1
979	-1.89000	119
980	-4.95000	1
981	Acetyl	1
982	+26.9300	151
983	-959.790	32
984	-4097.76	38
985	+1611.68	59
986	+157.140	1
987	-58.0000	1
988	-28789.1	30
989	-408.180	17
990	+54.8700	92
991	+54.0500	1
992	-13.0200	224
993	+16.4000	1
994	+18.1200	78
995	-44.9000	1
996	-3.86000	117
997	Acetyl	1
998	+61.0800	32
999	-59.0200	154
1000	-2.86000	65
1001	-3.22000	1
1001	-11.8400	92
1002	-33.6900	89
1003	-2.86000	118
1004	-504.410	37
1005	-0.89000	1
1006	-3.90000	1
1007	-2.01000	51
1008	-2.93000	1
1009	-2.90000	1
1010	-2.01000	59
1011	-900.380	99
1012	-2.18000	167
1013	-1.89000	1
1014	+40.5800	1
1015	+157.200	1
1016	Acetyl	1
1016	+0.94000	148
1017	-4.84000	117
1018	-3948.10	42
1018	+19.4900	127
1019	-0.91000	1
1020	-32354.0	26
1020	+49.8900	351
1021	-28.8900	163
1022	+42.0700	1
1022	-20.0200	195
1023	-11178.8	50
1024	+35.4500	88
1025	-686.940	176
1026	-2.93000	1
1027	-6445.65	11
1027	-41.0000	150
1028	-48.9600	197
1029	-43.3000	1
1030	+41.7400	1
1030	+0.99000	164
1031	Acetyl	1
1033	-3.94000	118
1034	-2.88000	1
1035	+559.780	38
1036	-1.89000	118
1037	+2064.48	41
1037	+40.0200	50
1039	+6403.77	1
1040	-14.8400	113
1041	-25.7400	77
1042	+0.99000	74
1043	-20746.5	12
1044	-10.1000	1
1045	+157.110	1
1046	Acetyl	1
1047	-7279.80	89
1048	+16.8200	185
1049	Acetyl	1
1050	-1.02000	112
1051	-16149.0	21
1052	-23946.7	38
1052	-24.1800	310
1053	-4.72000	181
1054	-28.9000	1
1055	+41.8800	1
1055	-54.8200	98
1056	Acetyl	1
1058	-16759.1	13
1058	+12.9800	199
1059	-2.87000	1
1060	CTrmAmid	1
1060	-1.84000	119
1061	-20878.7	64
1062	-19.6100	190
1063	-6538.29	119
1064	+15431.1	15
1064	-37.0000	97
1065	-2.91000	59
1066	+42.0800	1
1066	+1.65000	169
1067	-1.90000	26
1068	+6.49000	1
1069	+43.9600	123
1070	-20.1500	1
1071	-4946.91	8
1072	-1.92000	1
1073	-2.01000	75
1074	-12529.6	13
1075	-26.9500	1
1076	-5.87000	119
1078	-1.02000	99
1079	-4545.75	30
1080	-2.86000	99
1081	-4.84000	1
1082	C12-C13	71
1083	+42.2800	1
1083	+8.84000	200
1084	Acetyl	1
1085	Acetyl	1
1086	-2.88000	117
1088	-2.89000	1
1089	-13346.3	90
1090	-44.5300	112
1091	Acetyl	1
1092	+54.2100	1
1093	-3.91000	1
1094	-18324.9	14
1095	+39.7200	15
1096	Acetyl	1
1096	+9684.67	136
1097	+41.7000	1
1097	-25.6100	175
1098	+20.2400	99
1100	-3.67000	163
1101	-14618.4	95
1102	Nonesens	1
1103	Acetyl	1
1103	-49.0200	170
1104	-23752.5	94
1105	+25.8900	1
1106	-34.4500	1
1107	-19.7300	1
1109	-23.5700	82
1110	+42.2700	1
1110	-7.43000	168
1111	+25.7400	162
1112	-33.2100	166
1113	-6.98000	115
1114	+2385.02	155
1115	-7.49000	80
1116	-35.6800	123
1117	+41.9900	1
1117	+1.03000	32
1118	-4.14000	129
1119	+41.8900	1
1119	-35.6300	113
1120	+14.8700	202
1121	-20.2900	172
1122	-4.56000	182
1123	+31.7900	156
1124	C12-C13	114
1125	-6.47000	1
1126	+42.1000	1
1126	+1200.98	44
1127	+26.1800	1
1128	-3.89000	1
1129	Acetyl	1
1130	-3.88000	1
1131	-24.6500	1
1133	+21.1000	55
1134	+3503.88	39
1135	-2.90000	98
1136	-6792.60	70
1137	-6327.07	43
1138	-6257.90	36
1139	+27.1400	194
1140	-26.9000	126
1141	-1.98000	60
1142	+39.5700	67
1143	+62.0800	1
1144	-1.91000	72
1145	-2.92000	57
1146	-4.88000	1
1147	-1.02000	79
1148	Acetyl	1
1148	+4.98000	128
1149	-1.98000	52
1150	-2.94000	1
1151	+7789.72	129
1152	-2.03000	49
1153	+7025.73	14
1154	-0.78000	1
1155	+1.21000	119
1156	+2355.04	122
1157	-15.9200	1
1157	+8896.58	40
1158	+3867.91	38
1159	+8.94000	219
1160	-23.8700	201
1161	-0.90000	1
1162	+42.1300	1
1162	+3.96000	129
1163	+42.3100	1
1163	-64.1800	177
1164	+991.780	1
1165	C12-C13	1
1166	+10.6300	1
1167	+55.1600	155
1168	Acetyl	1
1169	+20.1200	1
1170	-54.0900	112
1171	-26758.7	131
1172	-29.2200	181
1173	-34850.1	106
1173	+38.5200	440
1174	+41.7400	1
1174	+2425.05	83
1175	-24.9400	59
1176	+41.9400	1
1176	-1668.58	106
1177	Acetyl	1
1178	-23.8600	1
1179	-8472.51	11
1179	+20.8400	111
1180	-23.4600	1
1181	-8.83000	63
1182	+41.9900	1
1182	+6.63000	56
1183	+43.1500	1
1184	-5.74000	134
1186	-6.90000	1
1187	+45.0700	1
1188	+41.8900	162
1189	+124.320	1
1190	+32.5500	1
1192	+6422.21	1
1193	-23.1100	1
1194	-21.2000	142
1195	-9740.26	27
1195	+15.4200	249
1197	-2.99000	1
1198	+59.1500	131
1199	+17.4800	1
1199	+4.83000	17
1200	+42.1600	1
1200	-11363.5	36
1200	+48.7000	308
1201	+41.6800	1
1201	-12842.9	139
1202	-722.400	6
1202	+29.6100	40
1203	-1611.14	34
1204	-27.0000	1
1205	-1111.20	12
1206	-30.8700	1
1207	+42.1700	1
1207	+3389.79	135
1208	-1.02000	115
1209	+2007.54	1
1210	-0.96000	1
1211	+5761.01	124
1212	+37.1700	1
1213	-1.02000	74
1214	+992.730	1
1216	-84.9200	1
1216	+5767.06	39
1217	-3.78000	59
1218	-5.83000	117
1219	-2.05000	148
1220	-1.90000	1
1221	-20.9400	1
1222	+0.97000	62
1223	-15.2900	107
1226	-2.87000	118
1227	-8.57000	1
1228	+34.9600	83
1229	-39.8700	1
1230	+43.8700	1
1231	-9684.81	59
1232	+5.08000	1
1232	-31.8300	51
1233	+41.9800	1
1233	+10.3900	215
1234	-33.5300	90
1235	+41.9600	1
1235	-16.4600	167
1236	-1355.16	101
1237	+50.6900	1
1238	-10.5800	173
1239	+42.1600	1
1239	+11.4500	112
1240	+34.0000	185
1241	-25818.2	14
1242	-2.98000	1
1243	-18889.0	38
1244	+19.6300	1
1245	+4956.32	137
1246	+4007.22	73
1247	-38.1600	1
1248	+37.6300	1
1249	-3.95000	1
1250	-7.73000	205
1251	-26.2900	1
1252	+43.8500	35
1253	+75.4800	160
1254	+300.670	51
1255	+157.190	1
1256	+42.8900	107
1257	+43.3300	184
1258	+41.6700	1
1258	-17.8200	144
1259	+72.2400	187
1260	Acetyl	1
1261	-8675.50	6
1262	-29413.2	99
1263	+52.9000	172
1264	-1.71000	136
1265	-2577.58	36
1265	+13.5800	186
1266	-17.9400	1
1267	-0.84000	1
1268	-45.8400	1
1269	Acetyl	1
1270	-5.90000	1
1271	-3.84000	1
1272	Acetyl	1
1273	Acetyl	1
1273	+6.98000	163
1274	+39.0400	1
1274	-2.96000	130
1275	-2.85000	120
1276	+992.830	1
1277	Acetyl	1
1278	-3.87000	1
1279	AmOxButa	55
1280	-18234.9	47
1280	+30.6700	239
1281	-19674.8	208
1282	+351.290	107
1283	+9899.77	116
1284	+6800.37	78
1286	+42.0900	1
1286	+2656.31	10
1287	-13.3300	240
1288	+155.120	1
1289	-21209.8	121
1290	+55.4800	99
1291	Acetyl	1
1292	+30.9900	1
1293	+42.1200	1
1293	-3824.96	60
1294	+603.250	1
1294	-764.340	93
1295	+41.9500	1
1295	-9.05000	202
1296	+12267.6	17
1296	+22.6100	108
1297	-1911.88	27
1297	-17025.1	58
1298	-4464.16	66
1299	+5.73000	53
1300	-44.8000	1
1301	+3742.07	34
1301	+46.9800	152
1302	+20.1400	1
1303	Acetyl	1
1304	-51.3000	1
1305	+23.1600	1
1307	-21123.5	38
1308	+19.1600	135
1309	-27873.1	50
1310	AmAdipic	1
1311	+2059.76	57
1312	+24.9000	112
1313	+6.98000	1
1314	-1251.45	109
1314	+24.8300	139
1315	-36.6900	63
1316	-46744.6	22
1316	-38.6500	487
1317	+32.2600	1
1318	-5.39000	1
1319	+59.9100	1
1320	-15.8000	145
1321	+41.4600	180
1323	+16.0400	60
1325	Acetyl	1
1326	-32.0200	1
1327	Acetyl	1
1328	-8.70000	94
1329	-2.85000	104
1330	+20.4600	28
1332	-21.9000	1
1333	-8.79000	57
1334	-34.9100	181
1335	+1.02000	115
1336	+990.740	1
1337	Acetyl	1
1338	+6358.33	124
1339	C12-C13	16
1340	+41.8900	1
1340	-6.09000	139
1341	+2804.57	116
1342	-1.92000	59
1343	+1173.71	58
1345	-23.2500	1
1345	+20.2000	160
1346	+42.2100	1
1346	-9516.81	10
1346	-5.17000	308
1347	-2.01000	1
1349	+41.7500	1
1349	+2.12000	182
1350	-4.46000	201
1351	-36.8400	77
1352	+975.680	1
1353	Acetyl	1
1355	-13825.4	6
1357	-18.6000	1
1358	-55.8900	1
1359	+156.190	1
1360	-1.87000	98
1361	Acetyl	1
1361	-1150.53	54
1362	+41.8900	1
1362	-15.9100	142
1363	+807.500	59
1364	Acetyl	1
1365	-20293.3	44
1366	+40.0500	179
1367	+11.2100	1
1368	-15.6400	1
1369	+42.0800	1
1369	-53.2800	42
1370	Acetyl	1
1371	-38.8400	1
1372	-33.0700	150
1373	+156.240	1
1374	+41.6700	1
1374	+36.4400	103
1375	-44.0000	1
1376	-47.6900	1
1377	-64.3600	1
1378	+32.4500	1
1379	-35.8100	177
1380	-16.0600	1
1381	+42.0800	1
1381	-10.7300	90
1382	+34.6700	111
1383	+3.82000	184
1384	-23.6600	106
1385	+13.8500	163
1386	+1199.30	37
1387	+50.8300	1
1388	+42.2000	1
1388	-33.0700	129
1389	+34.6800	70
1390	-17.5700	46
1391	-15.0800	95
1392	+1719.48	59
1393	-2.88000	158
1394	+21.2700	19
1395	-16.3100	1
1396	+1174.71	91
1397	-18.0200	1
1397	+56.1700	114
1398	-3.88000	1
1399	+1167.52	1
1400	Acetyl	1
1401	+11632.0	44
1402	+10380.3	14
1403	-1.98000	72
1404	+42.1100	1
1404	+41.1000	181
1405	+6092.72	20
1406	-1.97000	59
1407	-0.97000	99
1408	+19.1000	136
1409	+41.9600	1
1409	+25.1400	184
1411	-12.1100	149
1412	-1.96000	1
1413	-6.73000	1
1414	-40.0300	117
1415	+1778.26	1
1415	-725.240	103
1416	-4.89000	118
1417	-786.230	132
1418	-7246.55	116
1419	-4198.90	39
1420	-2.89000	118
1421	-34231.9	112
1423	+33.8100	1
1424	+156.170	1
1425	+158.150	1
1426	+1951.28	117
1427	Acetyl	1
1428	+58.6800	148
1429	-1.81000	129
1430	+42.1400	1
1430	+6.08000	167
1431	+42.1800	1
1431	-19.3200	109
1432	Acetyl	1
1433	-1233.50	101
1434	-21.8700	108
1435	-19.0900	144
1437	Dehydro	87
1438	+2635.31	29
1438	+22.3800	99
1439	-28.9800	131
1440	+31.8200	103
1441	Acetyl	1
1441	-6089.04	96
1442	-42.9400	1
1443	-41.6000	1
1444	+22.0000	73
1445	+41.6700	1
1445	-33782.2	82
1446	DCAT_D0	1
1446	-70.9600	44
1447	-25185.8	126
1448	+41.8700	161
1449	+6.94000	71
1450	+8.15000	182
1451	-31.7500	1
1452	-21864.0	76
1453	-48.0900	1
1454	-3.90000	119
1455	-7922.38	14
1455	+73.5800	97
1456	-8.59000	137
1457	+41.9800	1
1457	-17358.6	17
1458	+6.65000	31
1459	-20957.1	14
1460	+51.0100	1
1461	+2853.44	32
1462	+561.280	38
1463	+27.1500	1
1464	-34.7700	148
1465	-3.85000	72
1466	+989.680	1
1468	Acetyl	1
1470	+48.2600	107
1471	-0.99000	88
1472	-4.85000	40
1473	+5759.99	124
1474	-2.96000	1
1475	-11.9000	1
1476	+42.0800	1
1476	-10406.0	93
1477	+930.390	116
1478	+6.70000	112
1479	-56.9300	1
1480	+62.7200	1
1481	-12412.2	13
1482	-267.140	28
1482	-32891.9	51
1483	+17.7000	1
1484	+3.87000	127
1485	-61.9800	1
1486	-42.3200	156
1487	-63.0400	60
1488	-1662.98	52
1489	+4087.33	1
1490	+156.200	1
1491	+7797.19	118
1492	-34.0800	1
1493	-14677.5	15
1494	Acetyl	1
1494	+11832.7	118
1496	+1641.58	53
1498	+47.2700	1
1499	-27.1100	1
1500	-19.9300	111
1502	+5.56000	1
1503	+1.98000	147
1504	-1.08000	99
1505	+4481.31	52
1506	+54.3400	1
1507	+42.9800	139
1508	-35.0800	130
1510	-21991.0	4
1510	-27.9400	239
1511	+12.2700	174
1512	-38235.6	13
1512	+48.5700	547
1513	+18.5200	105
1514	-52.9700	137
1515	-33.7400	76
1516	-656.220	101
1517	-4.81000	1
1518	-19.1700	105
1519	+12.5000	157
1520	-1273.48	11
1520	-65.0500	206
1521	-34.8800	141
1522	-2.00000	114
1523	-6471.59	25
1524	-3.74000	117
1525	+446.230	119
1526	+59.8800	1
1527	+21.1900	1
1528	MetToLys	1
1529	+991.700	60
1530	+42.3600	1
1530	-5631.76	188
1531	Acetyl	1
1532	+6392.81	125
1533	-25.8700	1
1534	+58.9100	1
1535	C12-C13	59
1536	-44882.0	13
1536	-46.4400	461
1537	+154.290	1
1538	+27.1800	1
1539	Acetyl	1
1540	-9391.59	21
1540	-14.1300	183
1541	-55.1700	167
1542	-5050.50	101
1542	-68.4600	200
1543	+158.190	1
1544	-1873.61	56
1545	-51.2000	103
1546	-898.530	99
1547	-803.380	127
1548	Acetyl	1
1549	+37.7200	109
1550	+25.4500	1
1553	+12.2200	1
1554	-11.6200	136
1555	+7789.78	14
1556	+68.7600	1
1557	+59.1200	178
1559	+10823.3	2
1560	EDA	1
1560	-3887.76	63
1560	-38.0300	211
1561	-10.9300	58
1562	-12.8200	140
1563	+29.8600	38
1564	+39.4200	1
1565	+29.4500	113
1566	-44.7500	120
1567	-50.0900	111
1568	-764.040	70
1569	+677.150	1
1570	EDA	1
1570	-8.21000	14
1571	+42.9000	159
1572	+46.2700	169
1574	+5.67000	1
1575	+2.82000	119
1576	+36.5600	1
1576	+43.4600	95
1577	+10.0900	72
1578	+4.04000	217
1580	+42.0800	1
1580	+5.83000	187
1581	-29918.9	28
1582	-5912.04	97
1584	-29.6900	64
1585	-62.0700	1
1586	-56.6000	1
1586	-40.4300	38
1587	+5919.08	43
1587	-1.98000	94
1588	+26.0800	174
1589	+16.9300	1
1590	+42.1100	1
1590	+33.9000	121
1591	-27.2100	1
1592	-30.8600	1
1593	-3.89000	108
1594	+4473.94	124
1595	-19.1200	133
1596	+69.1400	1
1597	-73.0300	1
1598	Acetyl	1
1599	-41.8700	172
1600	Acetyl	1
1601	Acetyl	1
1602	+996.710	1
1603	-18211.9	117
1604	-7171.98	86
1605	+36.1400	1
1606	Acetyl	1
1607	Acetyl	1
1608	+1.21000	115
1609	+1.07000	1
1611	+42.3300	1
1611	-28.4100	161
1612	-34578.4	124
1613	+19.6600	68
1614	+41.9300	1
1614	+63.3800	106
1615	+1182.12	1
1616	-30393.3	11
1617	+62.8700	1
1618	+56.0600	178
1619	+26.4800	1
1620	-27026.4	143
1621	Acetyl	1
1622	-12038.2	73
1623	+42.0800	1
1623	-11365.1	197
1624	+3225.64	1
1624	-4163.88	13
1625	Acetyl	1
1626	+1061.56	3
1627	Sulfur	1
1628	+875.960	129
1629	+42.0700	1
1629	+184.050	37
1630	+20.0300	1
1631	+15.7800	71
1632	+27.5800	16
1633	+42.1500	1
1633	+13.9000	178
1634	+18.4400	157
1635	-22.2600	186
1636	+49.8400	181
1637	+42.2100	1
1637	-17607.8	125
1638	+41.9500	1
1638	-11.6000	178
1639	+34.7500	1
1641	+42.3300	1
1641	-24.2200	143
1642	+31.6900	137
1645	-3825.16	186
1646	+44.1000	1
1647	+63.4200	1
1648	-29.4100	180
1649	+53.5500	179
1650	-38.8300	1
1651	+59.8600	1
1652	+6.51000	1
1653	-52.1700	1
1654	Acetyl	1
1655	-7955.82	18
1656	+38.0300	1
1656	-1.97000	182
1657	-48.4500	92
1658	+25.0900	65
1659	-2.94000	1
1659	+567.430	115
1660	-9.83000	52
1661	+1065.47	1
1662	-1744.92	12
1662	-34.4500	67
1663	+26.5200	1
1664	+7671.92	3
1665	-1.95000	1
1665	-1.85000	126
1666	+27.8700	1
1667	-9.33000	1
1669	-31.0900	199
1670	-3.85000	1
1671	-21.8100	156
1672	Acetyl	1
1673	+1903.78	1
1673	-3148.94	81
1674	-0.99000	1
1675	+22.6000	117
1676	+156.140	1
1677	-60.4600	1
1678	+25.5200	99
1679	-15370.8	162
1680	+66.3100	214
1681	-13.9400	197
1682	-128.030	92
1683	+18.2100	109
1684	+155.290	1
1685	+13.3700	69
1686	+2.12000	1
1687	+45.1400	1
1688	+6008.70	104
1689	+63.0700	94
1690	+1270.87	51
1691	-11.2900	127
1692	+6804.38	1
1693	Acetyl	1
1694	+39.9600	1
1695	+8423.66	24
1696	Acetyl	1
1697	+40.6500	1
1697	-32.7800	28
1698	+42.1700	1
1698	+29.0500	179
1699	+2009.27	87
1700	-13.1000	1
1701	-2933.56	103
1702	+42.1500	1
1702	-4.78000	137
1703	-37.7800	166
1704	-13.3100	1
1705	+61.0100	1
1705	+6968.52	29
1706	+1270.76	15
1707	-27626.5	167
1708	-17.2000	110
1709	+3905.62	12
1710	+6549.40	1
1711	+10124.9	46
1713	+41.9800	1
1713	+4.71000	192
1715	-16.9800	167
1716	+1180.14	17
1716	-10354.5	118
1717	Acetyl	1
1718	+1.48000	193
1719	+40.5600	1
1720	+960.920	96
1720	-30.2400	195
1721	-6523.53	49
1722	-57.7600	54
1723	+26.9200	1
1724	-34.9800	1
1726	-4.91000	1
1727	+21.0500	157
1728	-36.8600	1
1729	+3861.99	55
1730	+37.1400	1
1731	-3.97000	1
1732	+41.7600	1
1732	+1.10000	130
1733	+124.330	1
1735	+153.220	1
1736	-4108.92	97
1737	-4.90000	1
1738	-19.9600	1
1739	-60.4300	1
1740	-10.3300	139
1741	+1228.52	1
1742	-4.94000	1
1744	+42.3300	1
1744	-22.6800	171
1745	-31.5000	100
1746	Acetyl	1
1747	-50.6500	1
1748	+42.2500	1
1748	-21.9800	164
1749	-15.1500	1
1750	+41.8100	1
1750	+1500.45	47
1751	-3.65000	183
1752	+4497.31	75
1753	-3.86000	1
1754	-6.16000	145
1755	-11189.0	15
1756	-3.83000	1
1757	-0.92000	106
1758	+39.0400	1
1760	-44.4600	179
1761	Acetyl	1
1762	+37.2300	1
1762	-44.4600	30
1763	-27.1500	1
1763	-7348.41	44
1764	+39.2100	155
1765	+42.8000	57
1766	+53.1600	1
1768	-8304.33	26
1769	+25.5500	100
1770	Acetyl	1
1771	+41.9800	1
1771	+19.1000	154
1772	-41361.2	60
1773	+0.76000	1
1774	-35.0100	156
1775	-63.7400	170
1776	+7061.22	61
1777	-17.5800	1
1778	+19.0100	137
1779	+10.4500	120
1780	-18698.3	85
1781	-2.99000	1
1781	-2.91000	118
1782	+65.9400	114
1783	-1.98000	122
1784	DCAT_D0	1
1784	+31.2300	142
1785	-54.0100	194
1787	-2.88000	112
1788	-1.90000	102
1789	-2.76000	112
1790	-5.49000	77
1791	-1492.54	74
1792	-13.8900	1
1792	+2708.40	67
1794	+42.0900	1
1794	+27.4300	191
1795	+42.8500	106
1796	-16.9000	1
1797	-9.91000	1
1797	+5035.65	63
1798	-58.9500	1
1799	-8.10000	230
1800	+36.6200	115
1801	+13.1600	118
1802	+42.1700	1
1802	+3143.66	82
1803	Acetyl	1
1804	+154.280	1
1805	+18.5000	125
1806	+2028.05	155
1807	-2.92000	1
1808	-40.2400	1
1809	-4271.54	11
1810	+3698.20	1
1811	+97.0600	58
1812	+992.750	1
1813	-5.62000	1
1814	+41.9800	1
1814	+21.2500	52
1815	+41.6700	1
1815	+65.7700	171
1816	Acetyl	1
1817	+41.9900	1
1817	-49749.5	123
1818	+44.7800	1
1819	-38.8600	160
1820	+21.1200	1
1821	+2007.41	1
1822	+42.1700	1
1822	+64.2800	107
1823	+42.2900	1
1823	+13.5800	211
1824	+2.14000	1
1825	-7354.93	15
1826	+42.2300	1
1826	-8596.39	91
1827	+45.5800	171
1828	+17.1600	1
1828	+2926.49	64
1829	+24.8300	168
1830	-33.6400	184
1831	-3269.31	11
1832	+39.4000	180
1833	-10.1200	113
1834	-47.9500	177
1835	+3464.08	1
1836	-25.6900	168
1837	-5.87000	117
1838	+2.94000	1
1839	Acetyl	1
1840	+42.0800	1
1840	-4443.73	60
1841	-0.82000	1
1842	+8562.88	103
1843	+156.130	1
1844	-54.6900	1
1845	+12.6300	1
1846	-10.0300	153
1847	+33.2000	1
1848	+31.1200	124
1849	+4106.44	15
1850	-20.4800	150
1851	+6.93000	1
1852	-33.0100	197
1853	-10.3000	1
1853	+1.78000	64
1854	-7.94000	1
1855	Acetyl	1
1856	Iso_N15	133
1857	-26007.0	13
1857	+26.4300	295
1858	-55.5200	1
1859	+41.8900	1
1859	-42.9400	182
1860	+2358.22	123
1861	+41.9500	1
1861	-8197.71	82
1862	+38.0600	206
1863	-60.9700	1
1864	+1038.36	172
1865	-20.4500	1
1866	+11.1800	1
1867	+57.1800	94
1868	-6800.88	5
1869	+42.3100	1
1869	-42.0300	119
1870	+927.980	59
1871	+42.9000	107
1872	+1637.01	1
1872	-2457.99	83
1873	-1205.48	59
1874	Acetyl	1
1875	-16969.1	21
1875	-29.1800	204
1876	-27.7700	1
1877	+3103.62	66
1878	+4852.36	1
1878	-4854.18	10
1879	-29.3600	1
1880	-52.9000	1
1881	+66.3600	43
1882	+990.690	1
1884	+21.3900	1
1885	-11.5400	111
1886	-38239.1	77
1887	+158.140	1
1888	-5129.62	36
1888	+39.8100	121
1889	-48.1300	115
1890	-19.9300	1
1891	-31003.8	58
1892	+9.13000	1
1892	+11083.7	41
1893	+42.2100	1
1893	+16611.2	12
1893	-20.8200	54
1895	+1192.67	1
1895	-120.920	109
1896	11C32N15	1
1896	+3323.72	81
1897	-47.2700	1
1898	+46.6100	1
1899	+40.0500	158
1900	Acetyl	1
1901	-21.7300	121
1902	-22.8700	236
1903	-39.8800	1
1904	+41.7900	1
1904	-6989.50	163
1905	+158.310	1
1906	+6158.20	91
1907	+53.7600	1
1907	-19179.7	159
1908	-13327.1	130
1909	-2.94000	1
1910	+54.4100	132
1911	-44.1100	1
1912	+52.9600	105
1913	+5615.34	1
1914	Acetyl	1
1915	-38705.1	18
1916	-11560.6	61
1917	-16320.8	47
1918	-6190.61	66
1919	Acetyl	1
1919	-2.27000	101
1920	-23.8800	28
1921	+36.0000	1
1922	Acetyl	1
1923	+11.6300	74
1924	Acetyl	1
1925	-11546.9	216
1926	-5.85000	1
1927	+2358.41	56
1928	Acetyl	1
1929	+46.1100	56
1930	+42.0300	1
1930	-794.060	87
1931	+6681.59	127
1932	+41.8100	1
1932	-14.6700	170
1934	-8.70000	1
1935	+30.6900	15
1936	+11.4800	1
1937	+17.7800	80
1937	-19.7800	99
1938	+51.3300	1
1939	+22.2300	164
1940	-3.03000	1
1941	+28.2000	1
1942	+72.6500	1
1943	+40.1000	112
1944	+41.9500	1
1944	+19.5400	59
1945	-12.4200	1
1946	+2010.56	1
1947	-2.01000	1
1948	-28.0200	1
1949	+899.510	1
1951	+25.2200	231
1952	-22.1700	1
1953	Acetyl	1
1954	+0.92000	1
1954	+4563.32	73
1955	EDA	1
1955	-4.72000	275
1956	+990.660	1
1958	+286.130	9
1960	+1335.78	1
1961	-7989.90	53
1962	-26.7200	162
1963	+42.1900	1
1963	-4728.12	7
1964	+3918.65	1
1965	+2.18000	1
1966	-1266.23	42
1966	+49.6200	97
1967	+50.3400	172
1968	-29.0200	133
1969	+6094.11	118
1970	-8845.45	61
1971	-6.06000	244
1972	Acetyl	1
1973	+1608.81	127
1974	+52.7000	1
1975	-34491.8	58
1976	Acetyl	1
1977	+3982.94	1
1977	-7926.87	34
1978	EDA	1
1978	+35.1300	208
1979	+3306.82	1
1979	-5414.43	50
1980	-2.80000	111
1981	-1.08000	216
1982	-0.96000	1
1982	-1066.94	59
1983	+1.18000	1
1984	-26.3900	160
1985	+153.180	1
1986	-45.8700	1
1987	-6.17000	1
1988	+42.0800	1
1988	+1767.06	119
1989	+41.9800	1
1989	-3178.57	116
1990	+125.340	1
1991	-59.4100	1
1992	-26.8000	1
1993	+6681.54	51
1994	-2475.08	85
1995	-15114.4	87
1996	+26.1900	170
1997	-35.7700	195
1998	-29.0800	34
1999	Acetyl	1
2000	-16.9800	1
2001	+3198.58	124
2002	-17.2700	169
2003	-15085.1	18
2004	+41.3500	1
2005	-54.9800	1
2006	Acetyl	1
2006	+19.7500	57
2008	-47.7400	1
2009	+42.4700	1
2010	+6.16000	172
2011	+992.700	1
2012	+46.4100	161
2013	-32.9100	1
2014	+45.4400	1
2014	-5.48000	25
2015	+7418.90	45
2016	+3.38000	170
2017	+1176.98	114
2018	+41.6500	1
2018	-18147.4	10
2019	+2007.45	1
2020	+3.93000	1
2021	-38.6800	108
2022	-30281.4	47
2023	Acetyl	1
2023	+18.0500	201
2024	-6834.27	4
2025	+1852.86	14
2026	+53.4600	1
2027	-16.1700	23
2028	+1223.07	1
2029	+19007.3	12
2030	+42.0900	1
2030	-14.0000	48
2031	Acetyl	1
2032	+940.780	1
2033	+42.1100	1
2033	-47.3700	103
2034	-19.9600	40
2035	-7.27000	78
2036	+42.1900	1
2036	+13.3000	180
2037	+9.98000	1
2038	-34.4400	113
2039	-6141.86	11
2039	+39.7900	162
2040	-15119.7	90
2041	-37.5400	1
2042	+43.2000	1
2044	Acetyl	1
2045	+42.3400	1
2046	+53.1000	1
2046	+301.200	75
2047	+4763.06	37
2048	-18354.9	14
2049	+5.21000	150
2050	-27411.9	41
2051	-2.88000	1
2052	Acetyl	1
2053	+21.3000	138
2054	-34.7500	1
2056	-59.3900	1
2057	-22.9500	1
2058	-27.6400	1
2059	+6304.55	1
2060	-18189.1	31
2060	-3.55000	358
2061	-36.9900	1
2062	+59.2100	154
2063	-7.87000	144
2064	Acetyl	1
2065	Acetyl	1
2066	-6.01000	59
2067	-9.81000	108
2068	+1234.56	1
2069	+1594.66	1
2070	-65.2900	1
2071	+4458.90	39
2072	-1042.00	119
2072	-19.3200	213
2073	+5.73000	43
2074	-30.0000	1
2075	Acetyl	1
2075	-5634.65	115
2075	-80.2000	248
2076	-26.6600	178
2077	+10.1300	1
2078	+40.1800	1
2079	-15138.5	126
2080	-43.9800	1
2081	Acetyl	1
2082	-14.2000	1
2083	-35.2300	126
2084	+1831.91	136
2085	+15.0300	55
2086	-29.6000	50
2087	+41.7100	1
2087	-14.7900	189
2088	-25.9100	1
2089	-7505.84	14
2090	-4742.17	12
2091	-6.63000	1
2092	+12.8100	1
2092	+45.4200	206
2093	-10915.0	16
2094	+1342.40	9
2096	+8464.37	1
2096	-9483.62	15
2097	-18770.3	25
2097	+26.9900	366
2098	+10267.4	12
2099	-3165.75	18
2099	-22.7100	241
2100	+10.7400	67
2101	-23.3700	112
2102	-28710.4	208
2103	-12407.5	12
2104	-7666.99	77
2105	+2726.82	38
2106	-34.5500	1
2107	-43.2600	1
2108	+988.650	1
2109	+25.9600	1
2110	+19.6500	192
2111	+1034.22	11
2112	Acetyl	1
2113	+27.1600	1
2114	+55.9600	1
2114	+5087.72	14
2115	+37.4900	1
2116	+993.670	117
2117	+42.1700	1
2117	HisToGlu	184
2118	+24.9700	117
2119	-1062.15	28
2120	+124.380	1
2121	+9.81000	1
2122	-17695.2	12
2122	-0.57000	315
2123	+9.20000	1
2123	-25556.0	45
2124	-16.8400	1
2124	+2219.32	53
2125	-37.0200	1
2126	+1.65000	1
2127	+6194.30	71
2128	-1.85000	1
2129	-6.70000	1
2130	+42.2600	1
2130	+184.050	25
2131	+54.9200	94
2132	+15.0600	1
2133	+41.9900	1
2133	+57.7700	40
2134	-34502.0	10
2135	-31486.3	18
2136	+42.2500	1
2136	+28.0000	196
2137	-1.88000	1
2138	-15809.9	115
2139	+41.8100	1
2139	+6418.16	26
2140	-34.4000	1
2141	-4976.70	15
2141	-12590.0	95
2142	-17.2800	1
2143	+67.4300	1
2144	-13546.5	13
2144	-23078.7	297
2145	-46.9200	1
2146	DCAT_D0	1
2146	-12.1000	194
2147	-31511.8	12
2148	+13112.9	21
2148	+25.1400	101
2149	-20426.8	15
2150	-37.0700	1
2151	+9.48000	1
2152	+41.9600	1
2152	-6.98000	180
2153	-13345.0	70
2154	+988.760	1
2155	-8830.36	67
2156	+19411.2	10
2157	-17.9600	1
2157	+2019.11	79
2158	-59.0900	178
2159	+42.1400	1
2159	+8412.18	39
2159	-53.9800	131
2160	+37.8600	1
2161	-35796.7	6
2161	-16.7700	377
2162	+46.9800	1
2162	+12942.5	62
2163	Acetyl	1
2163	+20.9600	189
2164	+41.6900	1
2164	-6690.81	73
2165	+22.3900	1
2166	+61.5200	201
2167	+41.6600	1
2167	-5692.93	55
2168	-30703.7	22
2169	+42.7400	1
2170	-29.6800	1
2170	+3752.44	38
2171	+30.6700	1
2172	-9674.50	15
2173	-2.08000	228
2174	+38.2100	1
2176	+13022.3	13
2177	-33.9800	219
2178	+154.160	1
2179	Acetyl	1
2179	-10073.0	93
2179	-21.4300	230
2180	-51.9300	29
2181	+23.0300	163
2182	+38.0300	1
2183	+975.780	1
2184	+16356.6	16
2184	+14.5800	57
2185	-11053.8	33
2185	-24576.3	204
2186	-7.03000	113
2187	-30.8800	1
2188	-2844.76	40
2190	-447.050	13
2191	-1.98000	1
2191	-2.89000	189
2192	+37.1500	1
2193	+8797.02	118
2194	-25702.2	13
2195	-72.6400	1
2195	-708.210	70
2196	-2.92000	1
2197	+8217.78	124
2198	-11.9400	79
2199	Acetyl	1
2200	-3.91000	1
2201	-2.86000	1
2202	+261.770	23
2203	-32.8800	1
2204	+4782.98	27
2205	+2093.45	1
2206	+15.9600	1
2206	+3741.93	49
2207	+41.8900	107
2208	-30438.7	15
2208	+2.22000	506
2209	+10165.1	74
2210	+34.0000	86
2211	-8.90000	1
2212	+5804.43	39
2213	+990.710	1
2214	+41.6500	1
2214	-2603.54	21
2214	-38.0600	190
2215	-20.2800	1
2216	-13951.5	15
2217	+7.11000	1
2217	+8766.22	40
2218	-11648.2	13
2218	+77.6000	270
2219	-1172.84	12
2220	+14.1600	28
2221	-56.0200	180
2222	+54.8500	141
2223	+19.9400	1
2223	+5311.81	36
2224	-2.98000	59
2225	+41.9800	1
2225	+46.4600	176
2226	-9.64000	218
2227	+2483.25	14
2228	-10.5400	1
2229	-2.79000	1
2230	+1768.87	1
2231	-5721.17	30
2231	+43.9500	93
2232	+113.630	31
2232	+46.9200	44
2233	-2314.16	39
2234	+11278.8	35
2235	-17.4800	66
2236	+52.4400	264
2237	+2007.70	1
2238	-4342.17	22
2239	-15915.8	15
2240	-20899.3	10
2240	+6.72000	419
2241	-33.1400	1
2242	+2010.26	111
2243	-18011.9	87
2244	+41.9200	1
2244	-42.7000	177
2245	-21.1800	162
2246	-4801.33	16
2247	-4173.06	74
2247	-64.4900	156
2248	+41.9400	1
2248	+10.2900	206
2249	-15062.0	118
2249	+8.47000	358
2250	-39492.4	26
2250	-10.2400	433
2251	+21015.0	12
2251	-7649.81	38
2252	Acetyl	1
2253	-12.9100	1
2253	+3422.75	39
2254	+9.86000	1
2255	-29.1300	173
2256	+5.95000	1
2257	+6943.20	12
2257	-10.1600	140
2258	-17532.8	78
2258	+12.1200	355
2259	+13162.6	38
2261	+41.8900	1
2261	+35.0400	167
2262	+42.1400	1
2262	-53.6600	91
2263	+8994.43	9
2264	-1863.72	14
2265	+1227.51	1
2266	+11743.9	32
2267	-21.9700	1
2268	-8569.62	115
2269	+10082.1	12
2270	+42.1100	1
2270	+41.1700	194
2271	+1869.52	35
2271	-5249.19	178
2272	+20.0900	1
2272	-24.8000	221
2273	+125.350	1
2274	+18.3700	51
2275	+1193.68	1
2275	-2129.86	83
2276	+20.8500	1
2276	+15907.7	37
2277	+1.18000	1
2278	-49.9400	97
2279	+17.0400	1
2280	+16479.9	46
2281	+5048.00	98
2282	-3.69000	83
2283	-2.03000	125
2284	+990.640	1
2285	-5557.53	122
2285	+21.7200	179
2286	-14908.0	40
2286	-3.75000	194
2287	+32.0100	1
2288	-10912.3	45
2289	-29338.3	25
2290	-21.8300	63
2291	-25340.2	46
2292	-25.0200	207
2293	+1513.78	62
2294	+19.6400	1
2295	-18846.8	10
2296	+1373.22	1
2296	-7413.51	33
2297	-0.87000	1
2298	+16186.2	24
2299	-75.0100	187
2300	-10970.3	26
2300	-52.9100	305
2301	-66.8700	1
2303	+47.0200	1
2303	+13845.9	61
2305	+6850.08	1
2306	-18.1400	1
2306	-0.41000	159
2307	+8508.89	56
2307	-21.7000	185
2308	-4046.94	13
2308	-20.8800	224
2309	-20.0800	131
2310	+4.21000	185
2311	+41.8700	1
2312	-24650.3	120
2313	+42.2000	1
2313	-34.7800	180
2314	-2137.41	12
2315	+3410.23	151
2315	-61.6400	191
2316	-27.6000	62
2317	+6.32000	107
2318	-5793.88	25
2319	+242.770	14
2319	+35.6300	198
2320	-38.6900	1
2321	+2.41000	1
2322	-3.86000	1
2323	-64.6800	187
2324	-0.83000	131
2325	+991.750	1
2326	-12353.6	22
2327	-562.180	26
2328	+41.7500	1
2328	-63.7000	150
2329	+1653.69	1
2330	+38.1200	1
2331	-20.2300	214
2332	+5866.83	1
2333	+24.4700	1
2334	+14211.2	41
2335	-19.1400	106
2336	+3.15000	1
2337	-593.720	22
2338	+36.0200	1
2338	+14052.1	42
2339	-48.1200	1
2340	-1.80000	1
2341	-31.2800	1
2342	Acetyl	1
2342	+1392.84	118
2343	-4.62000	1
2344	-12700.7	18
2345	+57.7800	168
2346	-35392.8	165
2347	-21926.8	38
2347	-29.3900	265
2349	+24519.6	32
2350	-5173.82	20
2350	-20.1800	265
2351	-64.4600	1
2352	-33.4400	1
2353	+12.2600	195
2354	+12.9900	1
2355	-5768.87	45
2356	-50.0900	1
2357	-9751.33	62
2357	-41.7300	288
2358	-41.6400	1
2359	+43.2800	205
2360	+1167.62	119
2361	+9518.17	1
2362	-4.83000	187
2363	+24.0700	180
2364	-17.4000	26
2365	+1183.33	1
2365	-13476.9	37
2366	+20.7900	1
2367	+31.4000	206
2368	-0.90000	1
2369	+23.9800	108
2370	-43.0100	148
2371	-24.8400	1
2372	-7.34000	81
2373	-1.44000	1
2374	-13469.6	107
2375	-1.85000	1
2376	-44.1400	1
2377	-32496.1	15
2378	+25.9900	128
2379	-2.06000	76
2380	-24196.7	43
2380	+49.0300	442
2381	+945.410	14
2382	-937.880	14
2382	+27.5400	223
2383	+1336.75	1
2384	-3037.32	118
2385	-42.9900	227
2386	-21.9400	1
2387	-15966.6	40
2388	-30031.3	154
2389	+6.94000	1
2390	-14904.6	15
2390	+7.07000	228
2391	-5.48000	1
2392	-28566.1	13
2393	-24.1100	187
2394	+32.1100	1
2394	+1771.00	51
2395	-18948.6	14
2396	-55.2300	1
2396	-24784.8	66
2397	+61.0500	1
2398	+33.2100	174
2399	-23.5300	1
2400	+152.230	1
2401	+2003.36	1
2402	+42.1900	1
2402	+3144.72	37
2403	+125.290	1
2404	+41.9200	1
2404	+20.4900	97
2405	-71.7100	1
2405	+1629.83	155
2406	+29.3000	1
2406	-26.9000	208
2407	-32.1700	188
2408	+14208.2	41
2409	-15783.4	178
2409	-36.6900	379
2410	+4.13000	1
2411	+10370.3	34
2412	+4.54000	237
2413	-32.4800	36
2414	-38.5000	1
2415	+4238.11	132
2416	-262.030	17
2417	-4464.62	62
2417	+44.3300	134
2418	+12844.1	42
2419	+2698.50	70
2420	+5.27000	205
2421	-4926.83	15
2422	-35.2800	207
2423	-2288.28	108
2424	-4977.61	54
2425	+990.760	1
2426	+45.0300	35
2427	-38.3400	1
2427	-65.1600	37
2428	+7165.90	23
2429	-0.97000	1
2430	+45.1500	1
2431	Acetyl	1
2431	+7923.39	19
2432	+42.0700	1
2432	+35.0500	160
2433	+42.5900	1
2434	+19.7700	1
2435	+1830.06	1
2436	-56.9100	1
2437	+17.9900	155
2438	+14366.2	29
2440	+23.5000	51
2441	-27322.1	18
2441	+39.0500	503
2442	+15.5100	65
2443	+4.57000	1
2444	+47.0000	1
2444	+12790.5	44
2445	+14088.0	56
2446	-12.0100	212
2447	+41.7100	1
2447	-38191.5	210
2448	-21.7800	86
2449	DCAT_D0	1
2449	-42.9400	75
2450	-14054.7	49
2451	-20827.2	117
2452	+11293.3	68
2453	-39.7100	1
2454	-26.4700	177
2455	+158.280	1
2456	+153.200	1
2457	-5.84000	214
2458	-10.1700	179
2459	+6.96000	1
2460	-2270.29	55
2460	+26.1400	151
2461	+1310.95	161
2461	-62.1500	180
2462	-24.8600	45
2464	-5543.17	26
2465	-2802.30	186
2466	-35.9200	141
2467	+36.9900	1
2468	+42.9000	150
2469	+987.580	106
2469	-49.2000	182
2470	+41.6700	1
2470	-1948.59	17
2471	-13991.7	14
2471	-4356.61	308
2472	+5758.07	127
2473	+6028.76	84
2474	+8331.92	15
2475	Acetyl	1
2475	-4113.85	50
2475	-39.9600	190
2476	-1.99000	1
2476	+5765.03	124
2477	+34.9500	1
2477	+3028.54	125
2478	-39.7700	76
2479	-46.2500	1
2480	-53.0200	150
2481	+15273.3	43
2482	-3.88000	59
2483	Acetyl	1
2484	-7.39000	106
2485	-48.0700	155
2486	-6162.37	145
2487	+989.710	1
2489	-10216.8	213
2490	+5.93000	1
2491	+6.12000	73
2492	-26.5800	1
2493	+1987.68	18
2494	+8877.63	91
2495	-13.3300	179
2496	-3932.97	184
2497	+42.2700	1
2497	+12.1100	88
2499	-35526.5	111
2499	+10302.9	453
2501	-10018.3	56
2503	-6009.67	13
2503	+36.8700	123
2504	+42.3500	1
2504	+5.74000	202
2505	Acetyl	1
2506	-1596.68	118
2507	+7010.40	32
2508	-10363.6	152
2509	-49.0200	1
2510	Acetyl	1
2511	-58.8800	1
2512	+38.8300	1
2513	+18.6400	1
2514	-67.0700	211
2515	+51.5400	33
2516	-11290.5	37
2517	-60.1800	162
2518	Acetyl	1
2519	-16928.0	11
2521	+41.8500	1
2521	-14.0800	125
2522	+8.29000	186
2523	+60.8600	112
2524	+27.4900	1
2525	+33.3600	237
2526	-28085.8	9
2527	-7.51000	44
2528	-24226.7	27
2528	-6900.84	345
2529	+42.2200	1
2529	+18.2600	222
2530	-28662.3	34
2531	-55.9400	215
2532	+18.6400	1
2533	+41.2700	1
2534	-22279.8	8
2535	Acetyl	1
2535	-19676.9	96
2536	+42.6500	1
2537	Acetyl	1
2538	+42.1600	1
2538	+22.9900	184
2539	-3.58000	1
2540	-33.8700	152
2541	-23384.1	127
2542	+988.690	118
2543	-25.9200	1
2544	-33.7000	118
2545	+5760.05	124
2547	+23.3200	1
2549	+5761.98	119
2550	+38.0700	1
2551	+59.1800	106
2552	+3265.69	1
2552	-2272.04	96
2553	-34574.0	71
2553	+23.1700	506
2554	+1294.69	1
2555	+37.1300	1
2556	-5.34000	28
2557	-1.77000	1
2558	-6887.03	27
2559	+419.480	21
2559	+25.2900	192
2560	-71.2500	1
2560	-43092.1	49
2561	+31.5000	1
2562	-29.4500	160
2563	+44.9400	33
2564	-12472.2	27
2564	+61.7600	289
2565	+27.3200	48
2566	-27.9300	1
2566	+2876.57	16
2567	+613.440	11
2567	+17.3700	180
2568	-21675.0	26
2569	+18.0100	259
2570	-54.6900	1
2570	+55.7300	151
2571	-6761.85	27
2571	+17.6100	154
2572	+41.9700	1
2572	-15012.6	11
2572	+12.6800	237
2573	DCAT_D0	1
2573	+2.29000	147
2574	+7783.90	11
2575	+41.9900	1
2575	-810.220	50
2575	-31.2600	153
2576	-13254.7	13
2577	-27058.0	118
2578	-56.7100	143
2579	+41.1400	1
2580	+41.6500	1
2580	-27.4000	181
2581	+990.730	1
2582	-1521.60	82
2582	-10.9100	292
2583	+12.4200	93
2584	+41.9700	1
2584	+2.98000	128
2585	+42.1900	1
2585	+19027.6	64
2586	+1.03000	116
2587	-28593.6	35
2588	-29956.7	17
2589	-47.0000	1
2589	+5832.96	118
2590	-15781.3	13
2590	+23.6100	354
2592	-25344.5	37
2592	-72.7500	416
2593	+42.2400	1
2593	+36.9100	158
2594	+8572.34	41
2595	+7342.39	99
2596	-14727.7	207
2597	-2.87000	59
2598	-44417.2	11
2599	-644.870	34
2600	+28.0100	1
2601	-46.0300	1
2602	+49.9500	195
2603	+42.0900	1
2603	-7.17000	129
2604	+26.7900	1
2605	-5925.37	12
2606	+33.4500	1
2607	-32.8800	211
2608	+8276.14	13
2608	-10327.1	55
2609	+42.2500	1
2609	-51.6700	27
2610	-3.39000	1
2611	-7488.20	37
2612	-12755.6	9
2613	+5.12000	123
2614	+39.0200	1
2615	+36.1100	1
2616	-11.9200	214
2617	-834.200	40
2618	-549.270	12
2618	-16418.7	51
2619	+33.0600	1
2620	+36.0900	1
2620	+4020.07	125
2621	+4904.89	58
2622	+17181.9	27
2623	+8.86000	235
2624	+49.0500	1
2625	-63.7000	1
2625	+417.180	104
2626	+26.7800	182
2627	+2.43000	63
2628	+153.320	1
2629	-3209.40	57
2630	-15.7400	126
2631	+18.8100	1
2633	+41.7600	1
2633	-66.3900	132
2634	-70.4400	205
2636	-28.0800	1
2636	+4931.60	36
2637	-6654.67	9
2637	-15.7900	96
2638	-14908.2	49
2640	+18.1600	152
2641	Acetyl	1
2642	Acetyl	1
2643	Acetyl	1
2644	+16.8200	72
2645	-2.90000	1
2646	+67.9800	1
2646	+5723.98	38
2647	+35.1900	1
2648	+30.1400	143
2649	-49.7700	1
2650	-9665.30	12
2650	MetToLys	123
2651	+56.8300	1
2652	NH+15Da	195
2653	-40.9200	1
2654	-43.7800	140
2655	-44.5900	213
2656	-31.7700	199
2657	-27073.8	17
2658	Acetyl	1
2658	+1433.68	125
2659	+42.2300	1
2659	-67.1300	161
2660	+42.0300	1
2660	+50.6600	198
2661	-30765.8	51
2662	-39.0200	1
2663	+989.730	1
2666	-15224.7	13
2667	-23.8900	162
2668	Acetyl	1
2669	+59.9300	180
2670	-10117.5	51
2670	-10916.0	295
2671	+28.0000	1
2672	+11743.0	44
2673	-8250.10	98
2674	-37.6200	159
2675	-2749.66	119
2676	-43.9100	17
2677	+7491.82	1
2678	-10694.4	24
2678	-42.4500	196
2679	+24.0800	1
2679	-6.77000	45
2680	-6.15000	1
2681	+68.6200	1
2682	-60.9500	1
2683	-46.9100	1
2683	+12504.3	37
2684	+36.9800	1
2685	+7.09000	1
2686	+9124.25	34
2687	+1255.62	1
2687	-1219.44	105
2688	+3515.00	1
2689	-6574.77	14
2689	-33.4100	294
2690	+5122.90	69
2691	+11315.3	39
2692	Acetyl	1
2693	Acetyl	1
2693	+822.500	170
2694	-16553.4	157
2695	-30892.2	54
2696	+41.6600	1
2696	+55.3200	180
2697	+2359.37	139
2698	-20.8800	1
2699	+139.400	1
2700	+53.3800	108
2701	-25.6600	149
2702	-28.9800	1
2703	Acetyl	1
2703	+38.0800	165
2705	-18604.3	162
2706	-4.75000	1
2707	-19612.0	67
2708	+7633.87	1
2709	-28017.9	33
2709	+37.5900	295
2710	+27.0600	174
2711	-29.2500	156
2712	+16.2200	6
2712	+37.2900	21
2713	Acetyl	1
2714	+6069.74	16
2715	-27.3100	216
2716	-3317.32	74
2717	+71.3300	59
2718	+6066.33	38
2719	+25.7500	126
2720	+676.670	94
2721	+1.54000	1
2722	Acetyl	1
2723	+1847.41	1
2724	Acetyl	1
2725	+3586.56	97
2726	-42.5800	115
2727	+42.1000	1
2727	-32.7100	55
2728	-2.32000	131
2729	+34.5200	1
2730	+12.5400	127
2731	-0.83000	1
2732	+1301.70	39
2733	-22.4000	1
2734	-13539.7	29
2735	+51.6600	54
2736	+2515.04	11
2737	-7606.71	16
2737	+25.9100	168
2738	-22.1800	115
2739	+41.8900	1
2739	+62.8800	164
2740	+41.8400	1
2740	+38.1000	210
2741	-4.93000	1
2742	-47.9700	153
2743	+11.6000	102
2744	TriMeth	1
2744	+1697.00	15
2745	-0.56000	1
2746	-1518.56	14
2746	+44.0500	42
2747	-3.80000	121
2748	+41.0000	186
2749	+41.8100	1
2749	+37.5000	203
2750	+27.5000	49
2751	+15057.2	43
2752	-1.92000	207
2753	-14.7700	109
2754	+32.4800	141
2755	+28.0800	1
2756	-19.0000	1
2757	+56.0000	1
2757	+1641.69	136
2758	-1306.90	60
2758	+28.2000	204
2759	-23.4400	209
2760	-11.6600	1
2762	+44.1400	1
2764	-10389.5	10
2765	+41.6600	1
2765	-51.9100	205
2767	Acetyl	1
2767	-21.3100	147
2768	-5.26000	197
2769	Acetyl	1
2770	-5.09000	159
2771	+2195.41	70
2772	+45.1200	1
2773	+63.5500	80
2774	+17.6100	163
2775	+4248.30	124
2776	-6.41000	1
2777	+57.5700	216
2778	-70.3200	1
2779	-36213.0	38
2780	-29.6800	65
2781	+49.0400	148
2782	-5153.51	158
2784	-57.8200	1
2785	-10741.0	60
2786	+54.1100	1
2787	+16.0800	1
2787	+2248.24	52
2788	+27.8000	202
2789	-4115.07	20
2790	+4245.30	15
2791	+8885.71	57
2792	-35.2900	1
2793	+1.07000	51
2794	-19.8700	173
2795	Acetyl	1
2797	+6680.39	129
2798	Acetyl	1
2798	-3752.05	92
2799	+46.2300	110
2800	Acetyl	1
2801	-1.82000	107
2802	+8.79000	166
2803	+41.6900	1
2803	-14022.0	12
2804	-30127.5	4
2804	-6.69000	348
2805	Acetyl	1
2806	Acetyl	1
2807	-1.04000	83
2808	+42.1600	1
2808	+0.33000	110
2809	DCAT_D0	1
2809	-42.7700	151
2810	Acetyl	1
2812	+5763.98	126
2813	-14665.3	15
2814	+15.2300	207
2815	-3.73000	117
2816	+51.5800	1
2817	+41.9600	1
2817	-17815.4	145
2821	+41.9300	1
2821	+39.8500	190
2822	-69.9300	1
2823	+2.18000	233
2824	-3300.42	4
2825	TriMeth	1
2825	+40.2700	190
2827	DCAT_D0	1
2827	+8840.90	137
2828	+41.8900	1
2828	-31.0400	157
2829	+17.8000	106
2830	-71.8500	157
2831	+34.9700	1
2832	-16.9700	1
2832	+53.1100	115
2833	-780.130	31
2834	+13.2000	182
2835	-35.4600	1
2836	+694.890	61
2837	Acetyl	1
2838	+41.9100	1
2838	-81.4300	155
2839	+1169.75	1
2840	-17424.5	38
2841	Acetyl	1
2841	+524.960	36
2842	+34.2500	1
2842	+38.3800	38
2843	+33.3600	1
2844	-2.81000	179
2845	-19898.5	75
2846	+3.82000	85
2847	+42.2000	1
2847	-15448.7	101
2848	-29457.7	183
2849	+24.1600	1
2849	+16.2800	17
2850	+48.8400	1
2851	-33.6700	179
2852	-9215.56	15
2853	+42.1400	1
2853	+406.930	99
2854	-14.3900	186
2855	+41.7000	1
2855	-21.7600	187
2856	+41.7400	1
2856	-660.310	77
2857	-29.9600	1
2858	+19.4200	1
2859	Acetyl	1
2860	-57.7900	145
2861	-3491.49	38
2862	+24.5500	1
2863	-37.6000	60
2864	-1.78000	183
2865	-3.78000	110
2866	+0.47000	1
2867	-19.2800	172
2868	+994.710	1
2869	-387.000	90
2870	+50.9200	134
2871	Acetyl	1
2873	-9.51000	1
2874	-16.6000	174
2875	Acetyl	1
2876	Acetyl	1
2877	+41.6700	1
2877	-384.730	132
2878	Acetyl	1
2879	Met_O18	1
2880	+38.8800	173
2881	-22.9100	1
2883	DCAT_D0	1
2883	-2.08000	155
2884	-24046.1	10
2884	+18.1100	230
2885	Acetyl	1
2886	-29085.6	37
2886	+58.7400	344
2887	+38.2300	1
2888	-856.050	68
2889	+41.9600	1
2889	-44199.2	126
2890	-30.9600	1
2891	+13.0400	1
2892	-12.5100	162
2893	+1227.35	1
2894	+13.4100	1
2895	Acetyl	1
2896	+37.1000	1
2898	-57.4400	1
2899	-75.7000	1
2900	+26.2200	170
2901	-19655.4	100
2902	-14.6700	181
2903	+680.480	88
2904	-14.1100	27
2905	-16459.7	10
2905	+12.8300	179
2906	-48.8200	1
2907	+1550.43	52
2908	-11756.0	19
2909	-7014.50	7
2910	+732.210	25
2912	+43.2500	1
2913	+11314.4	39
2914	-9701.98	10
2914	+44.0400	116
2915	-4.28000	151
2916	+11869.1	43
2917	-28203.7	68
2917	+41.2200	484
2918	-5.57000	144
2919	+4.55000	1
2919	+2010.26	53
2920	+32.0000	1
2921	-27.1500	1
2921	+2009.39	114
2922	+42.1300	1
2922	-13.7800	186
2923	-19103.6	16
2923	+30.3600	218
2924	+9951.48	13
2925	+29.1200	1
2925	+5436.88	57
2926	-8.40000	1
2927	-3156.07	27
2927	+7.53000	90
2928	-785.580	150
2928	+24.7000	185
2929	+990.610	1
2930	-30.1300	1
2931	+41.7300	1
2931	+51.4100	120
2932	-17752.8	44
2932	+13.3400	366
2933	-2644.92	162
2934	+21.1600	105
2935	-4.95000	1
2936	+42.1300	1
2936	+46.3900	81
2937	+3495.46	1
2938	-20416.8	150
2940	-22.8900	200
2941	-1.08000	1
2942	-11.0200	25
2943	-21935.1	7
2943	-43.5600	362
2944	Acetyl	1
2944	+1391.06	118
2945	-15230.1	35
2945	AlkSulf2	337
2946	-29.5000	26
2947	+17.0600	1
2948	-60.7700	1
2948	+54.7800	68
2949	-6732.64	8
2949	+49.6000	177
2950	-39.4800	34
2951	+28.2900	55
2952	-8003.11	162
2953	-38.8200	1
2954	+557.840	12
2954	-13.5000	97
2955	-17873.7	10
2956	Acetyl	1
2957	+1066.58	118
2958	-4453.75	119
2959	-14906.6	71
2960	-21939.9	11
2961	+1095.59	1
2962	-24.5700	1
2963	+42.0900	1
2963	-44.7100	39
2964	+5614.15	11
2965	-3.52000	1
2966	+17.3400	1
2966	-6.35000	52
2967	-2684.40	78
2968	-27117.4	61
2969	-4853.86	170
2970	-2.96000	1
2971	+19.2700	59
2972	+10.2600	140
2973	-11558.7	88
2974	-6063.07	114
2975	+86.4400	128
2976	-0.79000	1
2977	Acetyl	1
2977	-576.110	105
2978	-28.2200	1
2979	+10.5400	1
2980	-50.1100	1
2981	-0.82000	1
2982	+156.160	1
2983	-0.85000	1
2984	+1.21000	1
2985	-2201.00	95
2986	+38.8800	169
2987	Acetyl	1
2988	-1467.75	59
2989	Acetyl	1
2991	-43.3300	28
2992	-63.4800	1
2993	+911.540	97
2994	-42.3500	1
2995	-17.8500	158
2996	C12-C13	40
2997	-22.3700	1
2998	+1091.79	1
2999	+1595.53	1
3000	+7.71000	197
3001	+17.0500	1
3002	-5194.44	13
3002	-35.0400	87
3003	-6903.36	18
3004	+4.59000	152
3005	+50.7900	280
3006	+125.360	1
3007	+44.3100	148
3008	+0.54000	1
3009	+740.420	1
3010	+42.1400	1
3010	+20.2300	137
3011	-13961.5	39
3011	-35.2400	230
3012	-31.0500	1
3014	+41.1600	39
3015	+4.26000	47
3016	-6298.03	105
3016	+22.8400	184
3017	-11355.4	56
3017	+59.2600	169
3018	-10059.5	12
3019	-39.8300	124
3020	Acetyl	1
3020	-15.4300	54
3021	-30883.8	34
3021	-24.8200	366
3022	+3.09000	200
3023	+37.5200	1
3024	-41.8100	1
3025	-4.27000	1
3025	+25.6400	40
3026	+27.0400	1
3027	+14060.1	40
3027	-25.7500	87
3028	+47.2700	180
3029	+17.3200	1
3029	+21318.0	12
3030	+50.4700	1
3031	+11.0700	185
