Unique_Seq_ID	Mod_Count	Mod_Description	Monoisotopic_Mass
1	0		5181.50207
2	1	-44765.5:7	4900.33962
3	1	-1.02000:1	4850.32815
4	0		4851.34815
5	0		8970.34131
6	1	+16.3100:1	4217.34252
7	1	-0.99000:1	6241.18771
8	1	GluToMet:12	6602.36292
9	2	-53.0400:1,+296.130:15	7575.74684
10	2	-13355.2:12,-64.0000:204	7576.74644
11	1	+1.02000:20	6672.42003
12	1	5C132N15:42	6929.50332
13	1	+1.03000:24	6930.52644
14	1	-0.99000:26	6928.50644
15	0		6929.49644
16	1	-59.0100:38	6929.49406
17	2	-7969.14:12,+3.08000:112	6976.434
18	1	GluToMet:16	6931.49644
19	0		6815.45352
20	2	+4826.58:11,-6527.30:33	7561.75168
21	0		7560.76783
22	2	-8215.83:19,+26.0300:153	7559.87811
23	1	-1864.96:12	7561.82765
24	2	-20922.7:4,+38.0100:257	7576.76927
25	0		7200.63974
26	2	-8341.35:6,-54.9800:130	7201.6013
27	1	+16.0000:1	7216.63974
28	1	-33.0400:1	7216.65315
29	1	+7.91000:57	7215.65195
30	0		5548.77814
31	1	-13.8800:1	9514.81696
32	1	+40.1300:1	9515.80934
33	2	-10938.3:23,-36.9300:174	9512.88153
34	1	-12.8800:1	9515.81696
35	1	-70.8500:1	9515.78588
36	1	-1.02000:35	9586.60558
37	1	AmOxButa:1	9585.60558
38	2	+31.4000:1,+12.6400:10	9514.82871
39	2	+38.3900:1,-69.6400:44	4742.69985
40	1	GluToMet:17	7117.57575
41	0		9674.6576
42	1	-30.0400:1	10171.01511
43	1	-18.0400:1	6797.41352
44	2	+157.070:8,-52.0100:41	5087.45602
45	1	Dehydro:1	10171.92777
46	1	-56.7300:1	5274.85137
47	1	-26.4500:1	3243.36477
48	0		3896.9684
49	1	-1708.78:59	9670.0182
50	1	-1.97000:1	7299.70618
51	1	+68.1600:72	9671.89433
52	1	-53.0000:1	9672.03572
53	2	-8410.29:28,+34.1800:164	9672.92187
54	1	+12.9900:1	9670.93188
55	2	-12887.5:51,+54.9600:180	9670.78528
56	1	-46.9900:60	9670.7938
57	1	-3231.64:57	9652.9536
58	1	-1.02000:25	7597.82502
59	2	-3627.01:22,-13.0200:85	4942.00971
60	1	+61.6300:1	9826.94815
61	1	+32.1200:1	9827.97992
62	2	-8698.42:17,+0.34000:117	5360.98392
63	1	-73.0600:1	4757.41606
64	1	-14.8900:1	9827.90038
65	2	4C135N15:1,-57.2700:25	3276.65445
66	1	+71.1100:60	9828.06615
67	1	-14066.6:2	9827.01957
68	1	+6.04000:1	9827.0452
69	0		6010.11941
70	1	-756.380:25	9827.91442
71	1	+2.49000:1	4914.99266
72	2	-32820.2:9,+41.9700:307	3223.30771
73	1	-1.62000:1	9671.88936
74	1	-1.63000:1	9671.87936
75	2	+42.1500:1,-14.9400:67	9671.91071
76	1	-676.290:21	9671.76074
77	2	-4.69000:1,+32.0300:89	9671.90817
78	1	-29.9600:1	9672.87442
79	2	+2285.08:31,+25.1300:44	9653.79412
80	1	-1.99000:36	8588.35646
81	1	-16.0000:36	4068.04677
82	1	Iso_N15:34	8136.0721
83	0		8590.34646
84	1	+4.29000:49	8136.08641
85	2	-19169.2:22,-21.4400:192	3218.30344
86	2	-19265.8:50,-0.58000:249	9667.85237
87	2	-68.1900:1,+42.3300:68	9652.94632
88	1	-71.7900:24	3223.96949
89	2	+42.1200:1,+57.1500:63	9670.89973
90	2	+42.1000:1,+7.17000:67	9671.90544
91	2	-3.39000:1,+29.2300:17	2757.27659
92	1	+1230.51:2	9652.77937
93	1	+11.1100:75	9826.01615
94	1	+4.41000:1	5863.42316
95	1	+36.0200:1	9827.01833
96	2	+42.1200:1,+3.14000:192	23534.72011
97	2	+41.9100:1,-13792.7:123	23536.01268
98	1	-12628.5:111	23534.08896
99	1	-47.8900:1	23532.65327
100	2	-4571.01:108,+18.7000:194	23532.80434
101	1	-14781.1:97	23533.30197
102	3	+41.9800:1,-10447.3:115,+61.7100:274	23533.72897
103	1	+9.69000:115	23533.75867
104	1	-6172.79:49	23558.00368
105	1	+20.2500:1	23536.92992
106	1	Acetyl:1	23550.03362
107	2	-43732.9:41,-16.5400:471	9884.91613
108	1	Acetyl:1	23533.7079
109	1	+50.1700:163	23534.75039
110	0		23552.83381
111	2	+42.3000:1,+29.0100:98	20714.19338
112	1	-6.69000:104	11768.877
113	0		23445.55053
114	1	-46.8800:1	23472.39061
115	1	+32.9600:159	23605.75353
116	1	+52.7500:101	23603.68543
117	0		23647.08
118	1	+31.1300:1	9826.98992
119	1	+31.1400:1	9826.99992
120	1	Acetyl:1	11791.84492
121	1	+62.1000:75	9828.10143
122	1	-9137.39:87	23618.00439
123	1	-15.8400:65	9829.02017
124	1	+41.9300:107	23551.91568
125	2	+58.1300:1,+5273.50:17	9825.97459
126	1	-5.98000:119	23550.71764
127	1	-48.0200:102	13917.74197
128	2	-8754.99:40,+6.55000:216	23521.80291
129	1	Acetyl:1	23552.86836
130	1	-12.7500:59	7878.19746
131	0		23554.00109
132	1	+12.9600:140	23552.80077
133	1	+47.0800:150	23551.79109
134	1	-433.160:122	23568.02325
135	1	+7.31000:1	9810.02501
136	1	+4.60000:1	23536.45411
137	1	Acetyl:1	9809.80271
138	1	Acetyl:1	23568.79805
139	1	Acetyl:1	23569.26774
140	1	6C13:1	23549.5758
141	1	+7.33000:1	23587.86848
142	1	-31.3000:155	23494.74794
143	2	+42.1200:1,-5488.58:92	23568.70092
144	1	-37.6900:181	23599.93264
145	1	+31.7100:38	8488.92441
146	1	+11.6000:53	7873.22316
147	1	+46.1100:126	23537.72888
148	2	+42.1700:1,+21.7000:153	23567.78224
149	2	+42.0900:1,-42.6600:77	8045.44972
150	1	Acetyl:1	16557.2049
151	2	+42.1500:1,+22.7300:139	23568.79224
152	1	+8.87000:163	23877.01575
153	2	+42.1100:1,-32297.9:92	23567.8656
154	1	+10.1600:1	23877.01425
155	1	+17.4000:1	9827.96826
156	1	-4835.10:151	23875.16243
157	1	+6.93000:122	23875.07575
158	2	+41.9700:1,+42.2100:172	23819.84902
159	2	+42.0800:1,-64.3400:164	20100.75777
160	1	+2.41000:109	15305.90783
161	1	-23.2100:43	7829.55745
162	1	+27.1400:1	23583.80406
163	1	Acetyl:1	23873.6371
164	1	-30.4500:89	7915.94563
165	1	-22234.2:105	25198.16029
166	1	+17.8500:105	23567.93572
167	2	+37.9500:1,-4425.21:66	12554.13877
168	1	-14736.1:66	23521.99583
169	1	Acetyl:1	23715.83703
170	1	-34.7600:1	23714.99841
171	1	-987.460:18	17509.50033
172	1	-1.97000:112	23554.72764
173	1	+0.87000:195	23475.69416
174	0		23552.69524
175	1	+32.0800:127	23549.7606
176	1	Acetyl:1	23606.60101
177	1	Acetyl:1	23665.05361
178	1	-37.1100:122	23552.80397
179	1	+19.7800:116	23664.83006
180	1	+36.9500:225	23606.68307
181	1	-10.9300:1	23653.10341
182	1	-63.0700:204	23665.76101
183	1	-1.66000:1	23551.82475
184	0		23649.0927
185	0		23552.95854
186	1	-30868.8:68	11855.00555
187	0		25023.31398
188	2	+41.8700:1,+44.3000:161	23521.90104
189	1	-14930.4:155	23551.59723
190	1	Acetyl:1	23551.7778
191	1	+29.7400:1	23551.93174
192	1	-14.4500:202	23552.55714
193	1	+27.2100:147	23538.87862
194	1	Acetyl:1	23605.02132
195	1	+2.96000:154	23459.86609
196	1	-20.3200:160	24936.15914
197	1	-3.83000:172	23552.86764
198	1	+11.9300:1	23552.00423
199	2	+41.8000:1,Deamide:132	23476.91665
200	1	-56.2300:50	10911.1594
201	1	+15.8100:194	23607.80158
202	1	-53.7000:169	23436.59583
203	1	+35.9400:140	23552.8647
204	2	+42.0700:1,+32.9200:205	23605.83092
205	1	+38.4800:1	23551.6642
206	2	+42.2700:1,+32.8600:220	23606.78516
207	1	Acetyl:1	23606.92145
208	1	-16505.6:12	11735.41077
209	1	-9.56000:121	14573.51207
210	1	-18.8500:1	7418.76072
211	1	-1661.84:169	23441.95302
212	2	TriMeth:1,+53.8500:119	13956.45022
213	0		23606.11836
214	0		25023.62154
215	1	-11214.3:162	23475.02701
216	2	+41.7000:1,+3010.77:74	23604.56935
217	1	-31.3400:1	23477.78411
218	1	-16652.5:75	23714.66191
219	1	-9037.92:107	23450.2622
220	1	-4.80000:126	23551.89764
221	1	+4773.78:143	23550.12342
222	1	-11.8900:164	20546.64299
223	2	Acetyl:1,+33.6500:133	23713.79425
224	1	-40862.7:103	23478.02086
225	0		23510.67464
226	1	-2.84000:1	23552.74656
227	0		23508.68268
228	1	+57.0400:167	23666.79309
229	1	+17.0000:138	23604.71703
230	0		23654.03953
231	1	-25.4700:1	23653.84901
232	1	Acetyl:1	23473.67376
233	1	-39.9700:208	23604.82283
234	1	Acetyl:1	23476.41045
235	1	+62.0900:1	8894.40047
236	1	Acetyl:1	25023.62499
237	1	+7.98000:1	23652.02358
238	1	+19.3900:134	23551.95965
239	1	+11.5200:225	23519.09888
240	1	+31.0300:113	23551.91914
241	1	+19.1600:1	24967.0273
242	1	-24.6500:108	23552.06809
243	1	-2.09000:1	23551.86379
244	1	+5.86000:158	23555.91576
245	1	-8.17000:178	23604.57803
246	2	+42.2600:1,-2088.85:15	23553.01472
247	1	+9.41000:208	23478.88486
248	1	+4840.11:32	23714.33029
249	1	-22617.0:95	23663.01703
250	1	+2.07000:186	25023.84998
251	2	-24181.7:14,-19.5100:268	4695.98669
252	1	-3633.49:105	23552.00626
253	1	+26.0300:1	23552.69222
254	1	HMOSERLC:117	23550.78353
255	1	-23.2200:1	25178.46805
256	1	+20.2500:172	23558.95323
257	1	-50.1000:127	23604.7691
258	1	-19766.4:94	23604.98552
259	2	+42.0800:1,-63.1200:115	23603.7882
260	1	-15396.7:2	23666.9973
261	0		23552.54492
262	1	-45.0100:72	9161.53209
263	1	+18.2000:192	24915.50682
264	1	-28.7700:40	6836.76741
265	1	+42.9100:113	23666.87367
266	1	-20902.8:4	6999.07134
267	1	-6004.91:128	23649.01933
268	2	+42.1100:1,-54.6500:122	23478.86695
269	2	-839.580:14,+4.91000:198	24937.1851
270	1	-2616.34:24	11752.00736
271	1	-25719.9:70	23606.76505
272	1	Acetyl:1	23604.99182
273	1	-26.0700:129	23606.78104
274	2	-3768.88:24,-18.9300:115	9160.66802
275	1	+7.11000:89	11843.89451
276	1	-4.85000:130	23551.84764
277	1	-23.6700:153	23553.04809
278	0		9218.52872
279	0		23604.61156
280	2	-675.340:93,+36.9500:164	23552.90252
281	1	Acetyl:1	23553.10597
282	1	Acetyl:1	23496.54689
283	1	-40.8600:70	11752.44731
284	2	+42.1400:1,-63.6400:133	19795.33292
285	1	-11.8100:147	23551.87196
286	1	-59.3600:127	23604.67341
287	2	+42.1000:1,+23.0700:209	23479.90101
288	1	+19.8500:140	23603.59851
289	0		23605.47219
290	1	+7.11000:1	23656.83258
291	1	DCAT_D3:1	23663.01982
292	1	+66.4800:1	23522.57945
293	2	-709.070:100,+12.8600:155	23604.71387
294	1	-43.7200:104	23551.82912
295	2	-13332.7:52,+53.2300:204	9306.68156
296	1	-14.1600:115	23666.78875
297	1	-10094.0:30	9982.01827
298	1	-24.9100:1	23552.00069
299	1	+13.3000:1	2778.66143
300	1	+154.110:1	23551.7181
301	1	BS3Olnk:1	23553.6881
302	1	+14.4700:1	23486.30975
303	2	-7238.32:19,-2681.16:118	11777.34939
304	2	Acetyl:1,-2629.23:95	23545.82232
305	1	-3.91000:119	23552.78764
306	1	+155.170:1	23552.7781
307	1	+158.210:1	23555.8181
308	2	+9559.92:1,-8658.36:33	24458.25764
309	1	+156.220:1	23553.8281
310	1	-13591.7:95	23553.55948
311	0		23550.18892
312	1	+154.210:1	23551.8181
313	1	-1.89000:1	23554.80764
314	1	Acetyl:1	23570.6347
315	1	+155.200:1	23552.8081
316	1	+50.9500:1	23607.64764
317	1	-2.81000:1	23553.88764
318	1	-1.82000:1	23554.87764
319	0		24578.45397
320	1	+212.060:1	23609.6681
321	1	-14.8100:1	23586.02063
322	1	+43.4200:136	22539.38845
323	2	+42.1500:1,-9.76000:160	23550.86437
324	1	-2.88000:119	23553.81764
325	1	-2.88000:117	23553.81764
326	1	-3.91000:117	23552.78764
327	0		23553.74858
328	1	-2.85000:117	23553.84764
329	1	+157.210:1	23554.8181
330	0		23556.69764
331	1	-3.64000:84	12365.50772
332	1	+2675.37:121	23520.06918
333	1	-2.15000:1	23585.59551
334	2	+42.1700:1,+69.6700:132	26992.09419
335	1	+698.490:7	11730.91567
336	1	-7.83000:119	23548.86764
337	1	+33.8300:1	23555.86839
338	1	-12841.6:18	23520.08637
339	1	+29.6800:1	9743.71906
340	2	+42.0700:1,+20.0200:59	7539.89415
341	1	+156.150:1	23553.7581
342	1	-43565.2:11	4579.8472
343	0		24425.15277
344	1	Acetyl:1	13167.6539
345	1	+48.6300:1	7598.35621
346	1	-8279.48:93	17120.20004
347	1	4xDeut:193	26360.19216
348	1	+50.0000:100	11710.67969
349	1	Acetyl:1	22485.20117
350	1	-11.6000:1	15647.00369
351	0		23552.69524
352	1	-15051.3:95	23551.57794
353	1	+37.8000:166	25387.77326
354	1	-19.2400:1	13233.14868
355	1	-9666.11:127	19965.02547
356	2	-23229.1:140,-10.6300:379	18936.20531
357	1	+39.0900:1	23553.70711
358	1	+11.7300:1	26364.58226
359	1	+32.4200:36	5085.95086
360	2	-9761.76:55,LeuToMet:240	17884.45725
361	0		23550.40113
362	1	+138.260:1	23535.8681
363	1	-4.94000:1	23551.75764
364	1	-19.1300:160	23393.80292
365	1	-2.91000:1	23553.78764
366	1	CTrmAmid:40	9162.62451
367	1	-2.99000:82	23553.70764
368	1	-2.98000:103	23553.71764
369	2	-8583.15:103,+55.9200:270	23552.96275
370	0		9163.60451
371	1	-0.95000:19	9162.65451
372	1	-1.96000:149	23554.73764
373	1	Acetyl:1	23555.69768
374	1	+11.1000:1	23567.79764
375	0		23554.85758
376	1	+215.320:1	23612.9281
377	1	-3.86000:1	23552.83764
378	1	-1.85000:1	23554.84764
379	1	+16.0800:1	23572.77764
380	1	+384.420:105	23553.91711
381	1	-31.8700:1	23554.17194
382	1	+156.250:1	23553.8581
383	1	-1.83000:1	23554.86764
384	1	+131.180:1	23528.7881
385	1	-50.0300:163	23553.86324
386	1	+55.0100:1	23611.70764
387	1	-1.86000:1	23554.83764
388	1	+28.1500:1	23584.84764
389	1	Acetyl:1	23555.4535
390	1	+156.230:1	23553.8381
391	0		28338.34271
392	1	-1.97000:96	23554.72764
393	2	+41.9900:1,-57.0100:170	23669.90318
394	1	-30.7500:1	23553.82183
395	1	-19.0200:1	23644.55024
396	1	+157.260:1	23554.8681
397	1	+5449.86:1	28847.4681
398	0		23609.52781
399	1	-29605.2:14	23491.00505
400	1	-33.9100:160	23553.75012
401	1	+17.7500:1	21212.23484
402	1	+478.340:1	23875.9481
403	1	+479.360:1	23876.9681
404	1	+478.330:1	23875.9381
405	1	+1405.31:1	24962.00764
406	1	-2610.15:13	7958.95225
407	2	+35.5500:1,+27.0300:169	22456.77785
408	1	+209.090:1	23606.6981
409	1	-1.87000:1	23554.82764
410	1	-19.9500:167	23522.87181
411	1	+155.260:1	23552.8681
412	1	+6.49000:143	23509.10626
413	1	+208.120:1	23605.7281
414	1	Acetyl:1	23554.1033
415	2	-55.4300:1,+27.0400:86	11754.4635
416	1	-13.9700:1	23553.94545
417	2	+41.9600:1,-13987.2:108	36321.82988
418	0		22529.4816
419	1	+156.280:1	23553.8881
420	1	+260.150:1	23657.7581
421	1	-19457.6:39	23526.00635
422	0		25537.7825
423	1	+154.070:79	24487.02008
424	1	+155.310:1	23552.9181
425	1	+1226.56:1	24624.1681
426	1	+155.340:1	23552.9481
427	0		23554.71982
428	2	+42.3600:1,-4337.16:104	25710.99333
429	1	-2.80000:1	23553.89764
430	2	EDA:1,+3442.38:118	24535.91744
431	1	-37.7800:149	23496.88328
432	1	+4.14000:1	17655.01147
433	1	+156.330:1	23553.9381
434	1	+157.350:1	23554.9581
435	1	-19.1000:131	23393.83292
436	1	+156.300:1	23553.9081
437	1	+407.540:87	13833.01058
438	1	Acetyl:1	23478.39067
439	1	-2.77000:1	23553.92764
440	1	Acetyl:1	23395.37867
441	0		24624.56008
442	0		23554.36656
443	1	-2.84000:1	23553.85764
444	1	Acetyl:1	23394.61432
445	1	Acetyl:1	11697.71637
446	1	-2.82000:1	23553.87764
447	1	+158.250:1	23555.8581
448	1	-14.6400:185	23553.82104
449	1	+4397.32:11	23392.80307
450	1	+7128.31:1	30685.00764
451	2	+41.7500:1,-71.5200:175	24624.24755
452	1	+2008.34:105	23606.10098
453	1	+50.0900:1	23606.78764
454	1	Acetyl:1	23391.85457
455	1	Acetyl:1	23390.0068
456	1	-2.73000:1	23553.96764
457	1	+156.260:1	23553.8681
458	1	+43.8200:1	9216.2389
459	1	+264.110:61	23661.7181
460	1	+6.37000:1	5829.16506
461	1	+26.0900:1	23483.00938
462	0		23393.65333
463	1	+12.6500:1	11725.59344
464	0		23505.82614
465	1	-46.2300:36	5849.70049
466	0		23505.52319
467	1	-3.81000:1	23552.88764
468	2	-10006.1:11,-29.9600:133	6712.33384
469	1	+0.31000:84	7809.9378
470	1	-2.83000:1	23553.86764
471	1	+112.190:1	23509.7981
472	2	+42.1300:1,+114.070:101	23553.8081
473	1	+39.8800:156	23553.92194
474	2	+42.1000:1,-22.0100:197	23513.87772
475	1	+155.320:1	23552.9281
476	1	+33.4400:1	22072.58837
477	2	+41.9800:1,-30673.8:110	23347.69104
478	1	+121.300:1	23518.9081
479	1	-2.85000:1	23553.84764
480	1	-4593.06:64	11739.9994
481	1	+317.070:1	23714.6781
482	1	+217.190:1	23614.7981
483	1	+32.4400:155	23554.0274
484	1	-6105.02:3	10873.27258
485	1	+1180.99:1	24578.5981
486	1	+62.0300:1	23618.72764
487	1	-38.6400:1	23394.032
488	0		23519.63859
489	0		23520.36963
490	1	-2.79000:1	23553.90764
491	1	+26.7400:1	15289.01657
492	1	-40.0900:179	23509.92698
493	1	Acetyl:1	23535.0835
494	1	+4.56000:171	23393.63984
495	1	-27.9300:149	24625.15384
496	1	-16.8500:1	24436.19924
497	1	+6849.08:42	17418.18225
498	1	+157.320:1	23554.9281
499	1	-12.0300:191	23605.85636
500	2	+42.1500:1,+115.070:38	23554.8281
501	0		23394.45663
502	1	+209.150:1	23606.7581
503	1	-49.1900:1	22442.01024
504	0		23553.51751
505	2	+41.8600:1,+21.7000:108	12330.84774
506	1	+208.190:1	23605.7981
507	1	-7.93000:1	22489.27703
508	1	+170.130:1	23567.7381
509	1	-2699.87:9	7869.23225
510	2	+42.1100:1,+23.9300:46	7836.93921
511	1	-13.3800:119	17638.56543
512	1	+156.290:1	23553.8981
513	1	-17196.6:94	23534.93377
514	1	-62.7000:1	23478.73369
515	0		23553.57503
516	1	+211.270:1	23608.8781
517	1	Acetyl:1	18998.39993
518	2	+15.1700:1,+27.0300:64	11198.66714
519	1	+156.310:1	23553.9181
520	1	+35.4300:182	22550.73534
521	2	+42.1300:1,+114.110:38	23553.8481
522	1	-3.79000:117	23393.8181
523	1	Unknown1:1	23605.69764
524	2	+42.1300:1,+114.120:111	23553.8581
525	1	+156.320:1	23553.9281
526	2	+3225.63:1,-3067.28:77	23555.9581
527	1	+28.0600:1	23554.25138
528	1	Acetyl:1	23627.51686
529	2	+4653.23:1,-4423.00:79	23627.8381
530	1	-2.86000:1	23553.83764
531	1	+29.5700:1	23522.15129
532	1	-2.94000:113	23553.75764
533	1	+196.190:1	23593.7981
534	2	+41.9300:1,+3519.30:50	22513.51097
535	1	+8.81000:1	23650.05277
536	1	-9656.74:94	23553.69089
537	1	-2385.24:86	20140.95313
538	1	Acetyl:1	19426.43911
539	1	+155.270:1	23552.8781
540	1	-18.7700:1	23550.93791
541	1	-58.8400:161	23503.95928
542	0		26590.18188
543	1	+157.240:1	23554.8481
544	1	+157.280:1	23554.8881
545	1	-2445.43:113	23553.86749
546	1	+157.230:1	23554.8381
547	0		23391.53111
548	1	-19.6800:168	23553.9291
549	0		23521.63576
550	2	+17.3700:1,+34.5600:29	4704.15797
551	1	-0.97000:164	23396.6381
552	1	-60.1000:143	23553.85623
553	1	Acetyl:1	23394.4759
554	1	+208.210:1	23605.8181
555	2	+1308.86:1,+663.660:118	25370.1281
556	1	-2.97000:206	23394.6381
557	1	-31.8000:1	23395.80969
558	1	-2.84000:1	23394.7681
559	1	-1.99000:163	23395.6181
560	1	Sulf-10:1	24295.15105
561	1	-1.95000:144	23395.6581
562	1	+54.6100:159	23376.8792
563	1	+48.0300:142	23377.91055
564	1	-1.93000:197	23395.6781
565	1	-41.3900:171	24785.9596
566	1	+9.35000:148	23394.79962
567	1	+6338.50:68	24525.60821
568	1	-48.5400:1	23395.9977
569	2	+42.1300:1,+16.7900:230	30360.22555
570	0		23448.79058
571	1	-10772.2:50	17513.28958
572	1	+1454.55:1	24852.1581
573	1	-12.9400:1	23394.99536
574	1	+45.8300:1	23394.6337
575	1	+22.9900:135	23446.42206
576	1	+18.1700:1	23394.52119
577	1	Acetyl:1	22325.78356
578	1	-3.78000:159	23393.8281
579	2	-5988.10:12,-5951.50:212	23319.00317
580	1	-44.1000:1	28221.00628
581	1	+42.8900:106	23552.87568
582	1	+39.8800:181	23345.69181
583	1	+22.9400:1	23514.0236
584	2	+41.6900:1,+698.240:111	22412.77715
585	1	+154.260:1	23551.8681
586	2	+41.7300:1,-0.52000:192	23550.89541
587	1	-29.0500:1	23393.60001
588	1	+42.8800:106	23552.86568
589	1	-9660.63:121	23553.01857
590	1	+15.2400:1	23551.86276
591	2	-18267.3:118,+41.1300:318	23394.79136
592	1	-3.84000:1	23552.85764
593	1	-1.75000:1	23554.94764
594	1	+5303.30:116	25278.24119
595	1	+14.1700:129	23570.86764
596	2	+41.7500:1,-22.4500:152	23398.86079
597	1	-35.4600:90	10478.89133
598	1	+155.220:1	23552.8281
599	1	-15.8100:154	23393.77981
600	1	-1.91000:1	23554.78764
601	1	Acetyl:1	11779.59707
602	0		23395.91663
603	1	-3.79000:164	23393.8181
604	1	+158.220:1	23555.8281
605	1	-3.84000:117	23552.85764
606	1	Acetyl:1	28736.28614
607	1	+155.230:1	23552.8381
608	0		23397.6081
609	1	C12-C13:120	23555.69764
610	1	-1.97000:1	23395.6381
611	1	+351.330:103	23551.85807
612	2	+41.8900:1,-54.0200:142	23550.88132
613	2	+3225.63:1,-14860.4:25	11762.8881
614	2	+2927.58:1,+2009.25:118	28334.4381
615	1	-2.89000:103	23553.80764
616	1	-0.86000:1	23396.7481
617	0		23394.72293
618	1	-1.97000:120	23395.6381
619	1	-3.87000:117	23552.82764
620	1	+9.31000:92	9249.72589
621	0		23393.49427
622	1	-9226.94:124	19753.67175
623	0		23395.39608
624	1	-13.4400:151	26077.83019
625	1	+34.6400:1	23393.93862
626	1	-19.1500:107	23393.78292
627	2	-1.95000:1,-1.90000:144	23393.7581
628	0		23395.64054
629	1	-16268.4:55	23555.60296
630	1	-45.9000:1	23395.7707
631	1	-0.77000:1	23555.92764
632	0		23393.23133
633	0		23509.02622
634	2	EDA:1,-3.80000:144	23553.88878
635	1	-32.6000:54	11724.34969
636	1	+920.580:116	23402.81252
637	1	+51.0700:105	23607.76764
638	1	-1.79000:1	23554.90764
639	1	+160.320:1	23557.9281
640	1	+2395.16:1	25951.85764
641	1	Iso_N15:45	23557.69764
642	1	+27.7600:1	12788.054
643	1	Dehydro:45	23555.68764
644	1	+22.0400:169	24428.25528
645	1	+11752.3:1	35309.02764
646	1	Acetyl:1	23556.59545
647	1	-14498.3:49	9058.39764
648	1	+158.260:1	23555.8681
649	0		23555.78267
650	0		23556.71665
651	1	+20.9800:1	23462.6507
652	1	+47.4400:214	24320.76046
653	1	-41.4600:1	11716.30772
654	1	+56.7300:1	22746.0796
655	1	+1.12000:1	23557.81764
656	1	+7.29000:1	31104.14895
657	0		23556.00364
658	1	-12.7200:1	23555.93753
659	1	+22.9700:196	23555.83062
660	1	+13.1000:1	31987.80397
661	1	+51.1700:1	23607.86764
662	1	+80.2100:1	23477.8181
663	1	Acetyl:1	22651.24407
664	1	-1.88000:59	23554.81764
665	1	+5429.74:1	28986.43764
666	2	+2645.71:1,-2487.46:84	23555.8581
667	1	+39.5800:150	23633.17266
668	1	-0.80000:1	23555.89764
669	1	-0.84000:1	23555.85764
670	1	-1.81000:120	23554.88764
671	1	-44.8400:1	23396.8307
672	1	-11.9300:1	23553.99181
673	1	-36.9600:136	23351.65033
674	1	-1.87000:1	23395.7381
675	1	-42.5400:1	23394.9654
676	1	-45.8700:1	23395.8007
677	1	-2.85000:1	23394.7581
678	2	+41.9800:1,+857.510:12	23394.9113
679	1	-35.1400:156	22243.00303
680	1	-2.82000:1	23394.7881
681	1	+17.1300:1	23414.7381
682	1	Acetyl:1	23394.70391
683	0		23394.71931
684	1	+48.0600:1	23445.6681
685	2	+42.0900:1,+783.440:47	23394.79454
686	1	-2.80000:1	23394.8081
687	1	+1014.00:1	24411.6081
688	1	+972.600:1	24370.2081
689	1	-46.8700:1	23394.8007
690	1	-3.79000:1	23393.8181
691	1	+51.0200:1	23448.6281
692	1	-44.8600:1	23396.8107
693	1	-4.83000:1	23392.7781
694	0		23351.56796
695	0		23394.85743
696	2	-16.9800:1,+27.0400:193	23348.72152
697	1	-53.0100:1	23360.0009
698	1	+4024.67:136	22340.01938
699	1	Acetyl:1	23352.56667
700	1	-23.1200:1	23395.62364
701	2	+41.8400:1,-11.4000:141	22384.6448
702	1	+1849.19:56	23446.95098
703	1	+90.1200:1	23487.7281
704	1	CTrmAmid:45	23555.71764
705	1	+1089.28:9	11658.38225
706	1	+99.0900:1	23496.6981
707	1	+192.280:133	23392.80807
708	1	+1810.04:1	25366.73764
709	2	+42.0700:1,+9.31000:190	23395.87252
710	1	MetToLys:1	23553.74764
711	2	-47.0400:1,+29.1700:117	23320.79152
712	1	+1885.04:131	23319.77068
713	1	+47.0100:1	23444.6181
714	1	-1.81000:1	23395.7981
715	1	+11.2300:1	11086.62154
716	1	+28.5200:1	7852.27917
717	1	-2.81000:1	23394.7981
718	1	+1355.31:206	32449.04102
719	2	+42.1700:1,-1574.84:114	23391.8477
720	1	+1849.18:109	22427.43406
721	1	+2084.07:81	23275.62439
722	2	+947.470:38,+27.0300:182	23353.72334
723	1	+1193.48:1	24750.17764
724	1	+33.0900:1	23395.04548
725	0		20728.17
726	1	+50.1400:1	23447.7481
727	2	+42.2100:1,-6.94000:141	23398.80494
728	1	-4.74000:1	23551.95764
729	1	-22.1800:128	23555.74495
730	1	-48.3200:1	11709.44772
731	1	+1069.63:1	24626.32764
732	1	-57.8400:1	23396.73038
733	1	-20.6400:1	23449.99951
734	1	-0.89000:1	23555.80764
735	1	+27.6300:1	17675.3399
736	1	+934.580:1	24332.1881
737	1	+4811.57:1	28209.1781
738	1	-13434.5:94	23395.504
739	1	-15377.8:95	23362.98892
740	1	-46.8200:1	23394.8507
741	1	+1673.92:17	12243.02225
742	1	+901.220:1	24457.91764
743	2	+42.0900:1,+28.8700:182	23390.84228
744	1	+6138.96:1	29695.65764
745	2	+41.9400:1,+24.1400:139	23394.8256
746	1	-45.9200:1	23395.7507
747	1	-18.1500:137	23394.78292
748	1	-45.8800:1	23395.7907
749	1	N15_4x:1	20022.94348
750	1	-113.090:118	23443.60764
751	1	-46.8800:1	23394.7907
752	1	-2.83000:1	23394.7781
753	1	+965.440:68	23447.67252
754	1	-2.79000:1	23394.8181
755	1	-1.82000:1	23395.7881
756	1	+192.260:159	23392.78807
757	2	-41.3300:1,Formam:195	22364.90334
758	1	Acetyl:1	23390.39978
759	1	-4.82000:1	23392.7881
760	1	-46.8500:1	23394.8207
761	1	Acetyl:1	23395.52309
762	1	-2.78000:98	23394.8281
763	1	-59.3800:1	11698.38772
764	1	-48.0500:146	23394.85307
765	1	-19.1600:122	23336.75146
766	1	+5.15000:1	23402.7581
767	1	-14944.3:93	23453.02241
768	1	+5304.93:55	23395.81634
769	2	+1146.77:100,NH2+10Da:191	23351.89725
770	0		23394.93262
771	1	Acetyl:1	28663.41531
772	1	+51.0600:1	23448.6681
773	0		23344.47993
774	1	+6177.54:1	29734.23764
775	1	-54.0300:146	23317.89358
776	0		23396.61857
777	0		23441.6707
778	1	-23.8900:1	29681.81479
779	1	+866.270:1	24263.8781
780	1	-34269.6:37	6924.01555
781	1	-1.86000:1	23395.7481
782	1	-1.83000:1	23395.7781
783	1	+2722.10:1	26278.79764
784	2	+42.1300:1,+38.6600:92	11779.41994
785	2	-44866.2:19,+7.70000:536	11054.79202
786	1	+97.1300:1	23494.7381
787	1	+808.370:1	24205.9781
788	1	-38.0600:1	23344.50699
789	1	+5284.16:1	28681.7681
790	1	+2.16000:1	23399.7681
791	1	+38.9800:208	23395.81057
792	1	Acetyl:1	23349.43461
793	1	+48.3900:1	16062.33037
794	2	+42.1500:1,-77.0800:159	23324.80632
795	1	-29649.1:54	23356.95044
796	1	+1.17000:137	23398.7781
797	1	-12155.0:86	23396.85809
798	1	+6564.69:1	29962.2981
799	1	-1.02000:119	23396.5881
800	1	-15.8800:138	22613.67134
801	2	+8377.33:38,+27.0200:97	23337.69027
802	0		23396.58735
803	1	+6.83000:205	23363.77831
804	0		23396.41705
805	0		23397.44055
806	1	+6.14000:117	23403.7481
807	1	-34.9700:1	23395.63748
808	1	-1.99000:73	23395.6181
809	1	+30.1700:161	23396.61718
810	1	-9.91000:135	23396.76358
811	1	-1.78000:202	23395.8281
812	1	Dehydro:14	23396.5981
813	1	CTrmAmid:51	23396.6281
814	1	-0.99000:50	23396.6181
815	1	Dehydro:99	23396.5981
816	1	-0.99000:150	23396.6181
817	2	-0.95000:1,+7.13000:117	23403.7881
818	1	+805.480:1	24203.0881
819	2	-0.96000:1,+1167.21:79	24563.8581
820	1	-2.85000:71	23394.7581
821	1	-0.89000:111	23396.7181
822	1	+169.190:1	23566.7981
823	1	CTrmAmid:99	23396.6281
824	1	-34313.1:155	23396.08338
825	1	+4742.16:59	28139.7681
826	1	+11.8000:1	22243.87528
827	1	+4767.55:42	15336.65225
828	1	-43.2800:174	23394.81091
829	1	-6759.11:141	23396.94182
830	1	DCAT_D3:59	23442.6081
831	1	+15.2700:228	27370.79499
832	1	-30.0500:1	12331.29357
833	1	Dehydro:1	23396.5981
834	1	-24.6500:1	5399.93757
835	1	+3086.34:1	26483.9481
836	1	-50.9000:119	23346.7081
837	1	-30.1900:1	22379.98501
838	1	-0.88000:1	23396.7281
839	1	+30.9900:1	26335.46936
840	1	+3674.57:160	27354.00401
841	2	+42.0900:1,-3910.31:39	26612.85688
842	2	+42.1400:1,+18.3200:146	23307.79743
843	1	-26789.6:69	31699.24553
844	1	+31.6600:1	14058.61965
845	2	Acetyl:1,+35.2000:196	23364.76637
846	1	-0.80000:1	23396.8081
847	2	-15710.8:4,-27.4700:161	4710.78198
848	0		23396.02074
849	1	-51.9900:1	25928.01863
850	1	+1.08000:1	23398.6881
851	1	-1.84000:1	23395.7681
852	1	+2179.24:1	25735.93764
853	1	Acetyl:1	24149.88703
854	1	+158.230:1	23555.8381
855	1	+7213.83:119	22274.4899
856	1	+676.190:1	24232.88764
857	1	+834.260:1	24231.8681
858	1	+49.1700:165	23396.81037
859	0		22594.25979
860	1	+57.1000:130	18498.32792
861	2	-27225.9:27,+35.9600:286	5890.23715
862	1	+4435.36:120	23395.77254
863	1	-18.7300:157	23325.74607
864	1	-7.74000:180	24264.17531
865	1	-24.3000:1	28669.99882
866	1	+20.1500:1	11777.91772
867	1	-1.97000:1	23554.72764
868	1	-10.4200:1	24470.00159
869	1	-13145.0:93	16478.02109
870	0		31093.79912
871	2	TriMeth:1,-10.0300:241	30783.18926
872	1	-1.81000:71	23395.7981
873	1	-0.84000:98	23396.7681
874	1	-42658.0:106	19788.00615
875	1	-1.86000:59	23395.7481
876	1	+730.820:153	24128.4281
877	1	+63.6100:1	24517.00022
878	1	+23.8600:1	23396.52144
879	1	-1661.77:84	23393.51562
880	1	-0.81000:1	23396.7981
881	1	-0.94000:68	23396.6681
882	1	-0.99000:111	23396.6181
883	0		23395.9391
884	1	+5.13000:69	23402.7381
885	1	CTrmAmid:59	23396.6281
886	1	-1.83000:117	23395.7781
887	1	-1.90000:58	23395.7081
888	1	+1117.35:1	24674.04764
889	1	+5676.90:56	32453.25605
890	0		23396.63172
891	1	+1.19000:1	23398.7981
892	0		24447.18751
893	1	Acetyl:1	22253.08932
894	1	Acetyl:1	23396.57066
895	1	Acetyl:1	23418.55227
896	1	+37.2200:156	23379.57474
897	1	-23.8700:168	28561.44756
898	1	-1.99000:1	23395.6181
899	1	-1.78000:123	23395.8281
900	1	+29.8000:1	23462.87812
901	2	-448.160:96,-22.6800:208	23397.78686
902	1	-2.85000:119	23394.7581
903	1	-2.00000:48	23395.6081
904	1	-3.93000:1	23552.76764
905	1	MinusH2O:1	6644.35281
906	1	-5271.68:91	27218.21132
907	1	-0.81000:118	23396.7981
908	1	CTrmAmid:55	23396.6281
909	0		14464.17402
910	1	-0.83000:118	23396.7781
911	0		24576.41783
912	1	-26678.8:17	24656.48939
913	1	-15544.0:82	24502.62882
914	1	Acetyl:1	23338.58658
915	1	-0.91000:1	23396.6981
916	1	+2265.97:112	25663.5781
917	1	+326.310:38	23395.79759
918	1	-781.320:65	22616.2881
919	1	-16.0400:166	23394.74375
920	2	+42.2600:1,+52.9800:116	23353.67796
921	1	Acetyl:1	23394.45607
922	1	+16.9400:72	7409.49017
923	1	-1.92000:1	23554.77764
924	1	+1.14000:99	23398.7481
925	2	+42.1000:1,-41.9400:62	29748.90948
926	3	+42.3600:1,-8558.84:110,-51.7800:275	23552.82315
927	1	-33.3900:1	23397.01083
928	2	Acetyl:1,-8418.38:103	27991.84714
929	1	-44.9100:1	23396.7607
930	2	+41.7000:1,-44.3000:134	23396.80057
931	1	+6238.90:1	29636.5081
932	1	+23.0500:184	22825.47432
933	1	-0.78000:117	23396.8281
934	1	-1.92000:98	23395.6881
935	1	-1.84000:98	23395.7681
936	1	-3337.52:40	11698.82945
937	1	-0.85000:1	23396.7581
938	1	-20.3900:1	23291.66965
939	1	-0.90000:1	23396.7081
940	0		17698.26856
941	1	-62.7200:145	22321.355
942	1	-20.1800:205	23392.75292
943	1	+58.1000:191	23554.83324
944	1	-0.87000:1	23396.7381
945	1	-2.85000:59	23394.7581
946	1	+352.310:104	23552.83807
947	1	-2.91000:114	23394.6981
948	1	+2.14000:115	23399.7481
949	1	-24.1300:180	23394.72949
950	1	-2.81000:117	23394.7981
951	1	-2.01000:57	23395.5981
952	1	-2.85000:117	23394.7581
953	1	-1.04000:1	23555.65764
954	1	-2.84000:117	23394.7681
955	2	+42.1000:1,+2.97000:122	24339.46356
956	1	-61.4400:1	11724.35739
957	1	Acetyl:1	23395.93762
958	1	-299.220:120	26503.58715
959	1	-5827.24:14	8989.9028
960	1	+45.0500:1	24957.35963
961	1	+1954.69:118	23492.42986
962	1	+1174.66:117	24731.35764
963	1	-19.1500:106	23393.78292
964	1	-1.98000:1	23395.6281
965	1	+5808.18:1	29205.7881
966	2	-10196.0:12,-56.8900:285	23508.84876
967	1	+42.8700:106	23552.85568
968	1	-2.92000:99	23394.6881
969	1	-1.88000:59	23395.7281
970	1	+12.7200:1	16910.97558
971	2	-10384.4:8,+32.5400:146	6962.7685
972	1	+1000.55:1	24557.24764
973	1	-2.91000:1	23394.6981
974	2	-4505.63:13,-27.1000:237	23453.5876
975	1	+1305.38:1	24862.07764
976	1	+833.270:59	24230.8781
977	1	+12653.0:118	34093.02081
978	1	+158.060:1	23555.6681
979	1	-1.89000:119	23395.7181
980	1	-4.95000:1	23551.74764
981	1	Acetyl:1	23347.13527
982	1	+26.9300:151	23448.83719
983	1	-959.790:32	7850.53832
984	1	-4097.76:38	16310.38854
985	1	+1611.68:59	25009.2881
986	1	+157.140:1	23554.7481
987	1	-58.0000:1	21794.93049
988	1	-28789.1:30	12012.03172
989	1	-408.180:17	22287.00377
990	1	+54.8700:92	23395.96577
991	1	+54.0500:1	23549.76009
992	1	-13.0200:224	23396.08768
993	1	+16.4000:1	23554.86008
994	1	+18.1200:78	13791.77373
995	1	-44.9000:1	23396.7707
996	1	-3.86000:117	23393.7481
997	1	Acetyl:1	19787.87394
998	1	+61.0800:32	11317.65055
999	1	-59.0200:154	23325.695
1000	1	-2.86000:65	23394.7481
1001	2	-3.22000:1,-11.8400:92	11747.40273
1002	1	-33.6900:89	11700.38215
1003	1	-2.86000:118	23394.7481
1004	1	-504.410:37	22557.02587
1005	1	-0.89000:1	23396.7181
1006	1	-3.90000:1	23393.7081
1007	1	-2.01000:51	23395.5981
1008	1	-2.93000:1	23553.76764
1009	1	-2.90000:1	23394.7081
1010	1	-2.01000:59	23395.5981
1011	1	-900.380:99	22497.2281
1012	1	-2.18000:167	22497.24745
1013	1	-1.89000:1	23395.7181
1014	1	+40.5800:1	10960.99455
1015	1	+157.200:1	23554.8081
1016	2	Acetyl:1,+0.94000:148	22383.201
1017	1	-4.84000:117	23392.7681
1018	2	-3948.10:42,+19.4900:127	9100.60392
1019	1	-0.91000:1	23555.78764
1020	2	-32354.0:26,+49.8900:351	9489.42041
1021	1	-28.8900:163	23395.71404
1022	2	+42.0700:1,-20.0200:195	23437.56183
1023	1	-11178.8:50	29133.72219
1024	1	+35.4500:88	23342.69991
1025	1	-686.940:176	23354.03698
1026	1	-2.93000:1	23394.6781
1027	2	-6445.65:11,-41.0000:150	11177.21945
1028	1	-48.9600:197	23325.88113
1029	1	-43.3000:1	7270.89707
1030	2	+41.7400:1,+0.99000:164	22611.99454
1031	1	Acetyl:1	21056.47619
1032	0		23554.53959
1033	1	-3.94000:118	23552.75764
1034	1	-2.88000:1	23553.81764
1035	1	+559.780:38	15596.12945
1036	1	-1.89000:118	23395.7181
1037	2	+2064.48:41,+40.0200:50	11687.31668
1038	0		23395.53257
1039	1	+6403.77:1	29801.3781
1040	1	-14.8400:113	23394.74981
1041	1	-25.7400:77	9749.00707
1042	1	+0.99000:74	23398.5981
1043	1	-20746.5:12	23352.00041
1044	1	-10.1000:1	24380.8081
1045	1	+157.110:1	23554.7181
1046	1	Acetyl:1	23554.63756
1047	1	-7279.80:89	21590.72145
1048	1	+16.8200:185	22312.43124
1049	1	Acetyl:1	23352.98989
1050	1	-1.02000:112	23555.67764
1051	1	-16149.0:21	5538.63027
1052	2	-23946.7:38,-24.1800:310	9647.60067
1053	1	-4.72000:181	20018.45298
1054	1	-28.9000:1	7783.88896
1055	2	+41.8800:1,-54.8200:98	12154.21481
1056	1	Acetyl:1	23551.80789
1057	0		23552.88016
1058	2	-16759.1:13,+12.9800:199	8134.42055
1059	1	-2.87000:1	23394.7381
1060	2	CTrmAmid:1,-1.84000:119	23394.7881
1061	1	-20878.7:64	12196.02262
1062	1	-19.6100:190	24894.80216
1063	1	-6538.29:119	23395.45569
1064	2	+15431.1:15,-37.0000:97	26920.77833
1065	1	-2.91000:59	23394.6981
1066	2	+42.0800:1,+1.65000:169	22226.59657
1067	1	-1.90000:26	11469.80942
1068	1	+6.49000:1	23394.71793
1069	1	+43.9600:123	22140.09585
1070	1	-20.1500:1	22366.24781
1071	1	-4946.91:8	12314.53577
1072	1	-1.92000:1	23395.6881
1073	1	-2.01000:75	23395.5981
1074	1	-12529.6:13	12194.00849
1075	1	-26.9500:1	24387.18103
1076	1	-5.87000:119	23391.7381
1077	0		24386.15722
1078	1	-1.02000:99	23396.5881
1079	1	-4545.75:30	8129.53337
1080	1	-2.86000:99	23394.7481
1081	1	-4.84000:1	23392.7681
1082	1	C12-C13:71	23396.6081
1083	2	+42.2800:1,+8.84000:200	24381.28957
1084	1	Acetyl:1	24486.47407
1085	1	Acetyl:1	24386.15725
1086	1	-2.88000:117	23394.7281
1087	0		24499.14318
1088	1	-2.89000:1	23553.80764
1089	1	-13346.3:90	24488.00948
1090	1	-44.5300:112	12193.65393
1091	1	Acetyl:1	24385.95802
1092	1	+54.2100:1	24387.0098
1093	1	-3.91000:1	23552.78764
1094	1	-18324.9:14	24386.00813
1095	1	+39.7200:15	6121.82119
1096	2	Acetyl:1,+9684.67:136	25875.54953
1097	2	+41.7000:1,-25.6100:175	24395.34719
1098	1	+20.2400:99	12469.20697
1099	0		24387.48376
1100	1	-3.67000:163	17656.26177
1101	1	-14618.4:95	23397.55511
1102	1	Nonesens:1	4711.35383
1103	2	Acetyl:1,-49.0200:170	24362.3439
1104	1	-23752.5:94	24386.50249
1105	1	+25.8900:1	24436.04408
1106	1	-34.4500:1	12243.71501
1107	1	-19.7300:1	17592.12516
1108	0		23553.64555
1109	1	-23.5700:82	12185.58365
1110	2	+42.2700:1,-7.43000:168	25632.54326
1111	1	+25.7400:162	24385.51198
1112	1	-33.2100:166	24387.29247
1113	1	-6.98000:115	20985.55732
1114	1	+2385.02:155	24388.01296
1115	1	-7.49000:80	7217.51886
1116	1	-35.6800:123	12891.63819
1117	2	+41.9900:1,+1.03000:32	12398.17269
1118	1	-4.14000:129	23555.08071
1119	2	+41.8900:1,-35.6300:113	23397.74027
1120	1	+14.8700:202	24387.37141
1121	1	-20.2900:172	23553.76059
1122	1	-4.56000:182	24385.21008
1123	1	+31.7900:156	14979.50716
1124	1	C12-C13:114	23555.69764
1125	1	-6.47000:1	25265.35162
1126	2	+42.1000:1,+1200.98:44	19219.92342
1127	1	+26.1800:1	12483.4124
1128	1	-3.89000:1	23393.7181
1129	1	Acetyl:1	23394.845
1130	1	-3.88000:1	23552.81764
1131	1	-24.6500:1	23553.73634
1132	0		11259.47632
1133	1	+21.1000:55	8693.63819
1134	1	+3503.88:39	18540.22945
1135	1	-2.90000:98	23394.7081
1136	1	-6792.60:70	24377.00491
1137	1	-6327.07:43	24388.00463
1138	1	-6257.90:36	11671.00437
1139	1	+27.1400:194	23552.84878
1140	1	-26.9000:126	24387.23103
1141	1	-1.98000:60	23395.6281
1142	1	+39.5700:67	8128.71526
1143	1	+62.0800:1	24388.28079
1144	1	-1.91000:72	23395.6981
1145	1	-2.92000:57	23394.6881
1146	1	-4.88000:1	23392.7281
1147	1	-1.02000:79	23396.5881
1148	2	Acetyl:1,+4.98000:128	24387.28772
1149	1	-1.98000:52	23395.6281
1150	1	-2.94000:1	23394.6681
1151	1	+7789.72:129	25496.53594
1152	1	-2.03000:49	23395.5781
1153	1	+7025.73:14	24387.36587
1154	1	-0.78000:1	23396.8281
1155	1	+1.21000:119	23398.8181
1156	1	+2355.04:122	25451.40187
1157	2	-15.9200:1,+8896.58:40	24390.3732
1158	1	+3867.91:38	18904.25945
1159	1	+8.94000:219	24387.3282
1160	1	-23.8700:201	24388.13433
1161	1	-0.90000:1	23555.79764
1162	2	+42.1300:1,+3.96000:129	17545.91143
1163	2	+42.3100:1,-64.1800:177	24389.31361
1164	1	+991.780:1	24389.3881
1165	1	C12-C13:1	23555.69764
1166	1	+10.6300:1	23316.88466
1167	1	+55.1600:155	23299.6227
1168	1	Acetyl:1	22611.27454
1169	1	+20.1200:1	11777.88772
1170	1	-54.0900:112	11575.80487
1171	1	-26758.7:131	24387.0623
1172	1	-29.2200:181	23394.69595
1173	2	-34850.1:106,+38.5200:440	18992.65802
1174	2	+41.7400:1,+2425.05:83	24388.63994
1175	1	-24.9400:59	18722.25469
1176	2	+41.9400:1,-1668.58:106	24387.43022
1177	1	Acetyl:1	25291.37506
1178	1	-23.8600:1	24388.41053
1179	2	-8472.51:11,+20.8400:111	5529.27184
1180	1	-23.4600:1	25582.19353
1181	1	-8.83000:63	12245.15908
1182	2	+41.9900:1,+6.63000:56	7852.58671
1183	1	+43.1500:1	23350.82722
1184	1	-5.74000:134	24388.31062
1185	0		24390.33069
1186	1	-6.90000:1	19308.44469
1187	1	+45.0700:1	24386.00869
1188	1	+41.8900:162	23551.87568
1189	1	+124.320:1	24388.29537
1190	1	+32.5500:1	15597.19019
1191	0		20127.15357
1192	1	+6422.21:1	29978.90764
1193	1	-23.1100:1	24389.05297
1194	1	-21.2000:142	24388.38326
1195	2	-9740.26:27,+15.4200:249	24487.70712
1196	0		12886.75123
1197	1	-2.99000:1	23394.6181
1198	1	+59.1500:131	20409.33921
1199	2	+17.4800:1,+4.83000:17	4274.38847
1200	3	+42.1600:1,-11363.5:36,+48.7000:308	24387.28446
1201	2	+41.6800:1,-12842.9:139	25382.01423
1202	2	-722.400:6,+29.6100:40	8335.30337
1203	1	-1611.14:34	10992.00436
1204	1	-27.0000:1	25483.03054
1205	1	-1111.20:12	27973.37237
1206	1	-30.8700:1	24387.31343
1207	2	+42.1700:1,+3389.79:135	24388.06293
1208	1	-1.02000:115	23396.5881
1209	1	+2007.54:1	25405.1481
1210	1	-0.96000:1	23396.6481
1211	1	+5761.01:124	24387.31346
1212	1	+37.1700:1	24388.33819
1213	1	-1.02000:74	23396.5881
1214	1	+992.730:1	24390.3381
1215	0		24387.20252
1216	2	-84.9200:1,+5767.06:39	24388.34929
1217	1	-3.78000:59	23393.8281
1218	1	-5.83000:117	23391.7781
1219	1	-2.05000:148	20020.58213
1220	1	-1.90000:1	23554.79764
1221	1	-20.9400:1	23376.6681
1222	1	+0.97000:62	23398.5781
1223	1	-15.2900:107	17584.50873
1224	0		12467.10844
1225	0		24459.2007
1226	1	-2.87000:118	23394.7381
1227	1	-8.57000:1	24388.53109
1228	1	+34.9600:83	13749.9517
1229	1	-39.8700:1	23397.7127
1230	1	+43.8700:1	24388.50322
1231	1	-9684.81:59	13712.7981
1232	2	+5.08000:1,-31.8300:51	5837.92738
1233	2	+41.9800:1,+10.3900:215	24346.39857
1234	1	-33.5300:90	24487.3421
1235	2	+41.9600:1,-16.4600:167	24387.28553
1236	1	-1355.16:101	20273.87596
1237	1	+50.6900:1	24390.01699
1238	1	-10.5800:173	21411.36643
1239	2	+42.1600:1,+11.4500:112	11777.38319
1240	1	+34.0000:185	22365.09945
1241	1	-25818.2:14	24388.56823
1242	1	-2.98000:1	23553.71764
1243	1	-18889.0:38	24386.41704
1244	1	+19.6300:1	9192.0489
1245	1	+4956.32:137	24387.9962
1246	1	+4007.22:73	24487.34247
1247	1	-38.1600:1	18375.08593
1248	1	+37.6300:1	24385.61215
1249	1	-3.95000:1	23552.74764
1250	1	-7.73000:205	24391.35567
1251	1	-26.2900:1	24489.72447
1252	1	+43.8500:35	5182.15081
1253	1	+75.4800:160	15656.57492
1254	1	+300.670:51	23397.20488
1255	1	+157.190:1	23554.7981
1256	1	+42.8900:107	23552.87568
1257	1	+43.3300:184	23396.84309
1258	2	+41.6700:1,-17.8200:144	24388.27792
1259	1	+72.2400:187	24388.30164
1260	1	Acetyl:1	24388.07707
1261	1	-8675.50:6	15795.5873
1262	1	-29413.2:99	22357.05936
1263	1	+52.9000:172	23394.78055
1264	1	-1.71000:136	12621.6642
1265	2	-2577.58:36,+13.5800:186	24487.76357
1266	1	-17.9400:1	24382.02637
1267	1	-0.84000:1	23396.7681
1268	1	-45.8400:1	24388.00007
1269	1	Acetyl:1	23274.56654
1270	1	-5.90000:1	24387.15983
1271	1	-3.84000:1	23393.7681
1272	1	Acetyl:1	24385.10256
1273	2	Acetyl:1,+6.98000:163	24389.28772
1274	2	+39.0400:1,-2.96000:130	24387.24819
1275	1	-2.85000:120	23394.7581
1276	1	+992.830:1	24390.4381
1277	1	Acetyl:1	24388.99565
1278	1	-3.87000:1	23393.7381
1279	1	AmOxButa:55	23395.5881
1280	2	-18234.9:47,+30.6700:239	7798.60661
1281	1	-19674.8:208	25331.89222
1282	1	+351.290:107	23551.81807
1283	1	+9899.77:116	33297.3781
1284	1	+6800.37:78	24388.00169
1285	0		27392.66577
1286	2	+42.0900:1,+2656.31:10	12194.1377
1287	1	-13.3300:240	24390.26084
1288	1	+155.120:1	23552.7281
1289	1	-21209.8:121	27424.81794
1290	1	+55.4800:99	16197.61892
1291	1	Acetyl:1	19029.39294
1292	1	+30.9900:1	24387.02539
1293	2	+42.1200:1,-3824.96:60	12527.01969
1294	2	+603.250:1,-764.340:93	23395.60764
1295	2	+41.9500:1,-9.05000:202	24387.25041
1296	2	+12267.6:17,+22.6100:108	24453.05611
1297	2	-1911.88:27,-17025.1:58	23396.01798
1298	1	-4464.16:66	24387.31675
1299	1	+5.73000:53	11284.41305
1300	1	-44.8000:1	24388.26803
1301	2	+3742.07:34,+46.9800:152	23398.76581
1302	1	+20.1400:1	22483.50902
1303	1	Acetyl:1	24449.2389
1304	1	-51.3000:1	23396.73888
1305	1	+23.1600:1	24388.18408
1306	0		23553.48475
1307	1	-21123.5:38	9018.41099
1308	1	+19.1600:135	27277.89654
1309	1	-27873.1:50	18866.19173
1310	1	AmAdipic:1	23555.66764
1311	1	+2059.76:57	20403.9326
1312	1	+24.9000:112	17293.38512
1313	1	+6.98000:1	23277.65998
1314	2	-1251.45:109,+24.8300:139	23555.91664
1315	1	-36.6900:63	11019.61868
1316	2	-46744.6:22,-38.6500:487	6114.86078
1317	1	+32.2600:1	11778.07581
1318	1	-5.39000:1	12282.68924
1319	1	+59.9100:1	24388.01654
1320	1	-15.8000:145	23554.85926
1321	1	+41.4600:180	24390.39436
1322	0		12469.25868
1323	1	+16.0400:60	11640.8185
1324	0		24486.92174
1325	1	Acetyl:1	23393.11221
1326	1	-32.0200:1	23399.11187
1327	1	Acetyl:1	29672.96227
1328	1	-8.70000:94	7850.59115
1329	1	-2.85000:104	23394.7581
1330	1	+20.4600:28	5852.44232
1331	0		24387.25619
1332	1	-21.9000:1	23375.7081
1333	1	-8.79000:57	7836.92627
1334	1	-34.9100:181	24387.1996
1335	1	+1.02000:115	23398.6281
1336	1	+990.740:1	24388.3481
1337	1	Acetyl:1	24388.16887
1338	1	+6358.33:124	24386.2784
1339	1	C12-C13:16	23396.6081
1340	2	+41.8900:1,-6.09000:139	23391.74242
1341	1	+2804.57:116	26202.1781
1342	1	-1.92000:59	23395.6881
1343	1	+1173.71:58	24388.29566
1344	0		23396.77899
1345	2	-23.2500:1,+20.2000:160	24387.34943
1346	3	+42.2100:1,-9516.81:10,-5.17000:308	25270.71855
1347	1	-2.01000:1	23554.68764
1348	0		24385.03527
1349	2	+41.7500:1,+2.12000:182	24388.33272
1350	1	-4.46000:201	24385.31008
1351	1	-36.8400:77	24406.28244
1352	1	+975.680:1	24373.2881
1353	1	Acetyl:1	24389.57732
1354	0		24373.15516
1355	1	-13825.4:6	8631.66815
1356	0		11716.92817
1357	1	-18.6000:1	22575.65979
1358	1	-55.8900:1	11119.37918
1359	1	+156.190:1	23553.7981
1360	1	-1.87000:98	23395.7381
1361	2	Acetyl:1,-1150.53:54	17145.42966
1362	2	+41.8900:1,-15.9100:142	24386.26232
1363	1	+807.500:59	24205.1081
1364	1	Acetyl:1	24359.05294
1365	1	-20293.3:44	12191.9978
1366	1	+40.0500:179	24438.21716
1367	1	+11.2100:1	21444.99951
1368	1	-15.6400:1	7850.84529
1369	2	+42.0800:1,-53.2800:42	8157.80752
1370	1	Acetyl:1	27783.70181
1371	1	-38.8400:1	23553.78451
1372	1	-33.0700:150	24389.14806
1373	1	+156.240:1	23553.8481
1374	2	+41.6700:1,+36.4400:103	23364.77108
1375	1	-44.0000:1	23397.00582
1376	1	-47.6900:1	29625.63079
1377	1	-64.3600:1	25403.99951
1378	1	+32.4500:1	24388.48539
1379	1	-35.8100:177	23400.95638
1380	1	-16.0600:1	11525.32269
1381	2	+42.0800:1,-10.7300:90	11724.38425
1382	1	+34.6700:111	11675.33674
1383	1	+3.82000:184	25719.83062
1384	1	-23.6600:106	23553.05809
1385	1	+13.8500:163	24371.22906
1386	1	+1199.30:37	24387.01254
1387	1	+50.8300:1	24388.01375
1388	2	+42.2000:1,-33.0700:129	23552.82945
1389	1	+34.6800:70	8162.8258
1390	1	-17.5700:46	5156.86652
1391	1	-15.0800:95	9182.31885
1392	1	+1719.48:59	25117.0881
1393	1	-2.88000:158	23394.7281
1394	1	+21.2700:19	6109.30659
1395	1	-16.3100:1	24387.48408
1396	1	+1174.71:91	24389.29566
1397	2	-18.0200:1,+56.1700:114	24389.31819
1398	1	-3.88000:1	23393.7281
1399	1	+1167.52:1	24565.1281
1400	1	Acetyl:1	22166.0573
1401	1	+11632.0:44	24391.35782
1402	1	+10380.3:14	24390.238
1403	1	-1.98000:72	23395.6281
1404	2	+42.1100:1,+41.1000:181	24390.31101
1405	1	+6092.72:20	23325.31328
1406	1	-1.97000:59	23395.6381
1407	1	-0.97000:99	23396.6381
1408	1	+19.1000:136	23452.6397
1409	2	+41.9600:1,+25.1400:184	24372.24406
1410	0		11698.10854
1411	1	-12.1100:149	24388.31016
1412	1	-1.96000:1	23554.73764
1413	1	-6.73000:1	24389.26192
1414	1	-40.0300:117	18972.27101
1415	2	+1778.26:1,-725.240:103	24450.6281
1416	1	-4.89000:118	23551.80764
1417	1	-786.230:132	22496.35117
1418	1	-7246.55:116	23397.00356
1419	1	-4198.90:39	10837.44945
1420	1	-2.89000:118	23394.7181
1421	1	-34231.9:112	24387.54445
1422	0		24391.8659
1423	1	+33.8100:1	13707.5795
1424	1	+156.170:1	23553.7781
1425	1	+158.150:1	23555.7581
1426	1	+1951.28:117	25348.8881
1427	1	Acetyl:1	31655.5673
1428	1	+58.6800:148	24388.60923
1429	1	-1.81000:129	23395.7981
1430	2	+42.1400:1,+6.08000:167	23555.84011
1431	2	+42.1800:1,-19.3200:109	23392.74596
1432	1	Acetyl:1	23555.51302
1433	1	-1233.50:101	24349.26147
1434	1	-21.8700:108	12360.17365
1435	1	-19.0900:144	24488.41489
1436	0		17330.35079
1437	1	Dehydro:87	23555.68764
1438	2	+2635.31:29,+22.3800:99	24388.24382
1439	1	-28.9800:131	24387.55472
1440	1	+31.8200:103	17988.48825
1441	2	Acetyl:1,-6089.04:96	27395.84976
1442	1	-42.9400:1	23395.01758
1443	1	-41.6000:1	24492.47106
1444	1	+22.0000:73	8573.2554
1445	2	+41.6700:1,-33782.2:82	24445.2274
1446	2	DCAT_D0:1,-70.9600:44	5216.61108
1447	1	-25185.8:126	23394.46112
1448	1	+41.8700:161	23551.85568
1449	1	+6.94000:71	12131.96844
1450	1	+8.15000:182	24389.38018
1451	1	-31.7500:1	23375.84326
1452	1	-21864.0:76	34616.34244
1453	1	-48.0900:1	12245.24924
1454	1	-3.90000:119	23393.7081
1455	2	-7922.38:14,+73.5800:97	4324.19619
1456	1	-8.59000:137	24390.52458
1457	2	+41.9800:1,-17358.6:17	15730.9931
1458	1	+6.65000:31	7851.5849
1459	1	-20957.1:14	7275.65905
1460	1	+51.0100:1	24388.41484
1461	1	+2853.44:32	15442.71241
1462	1	+561.280:38	15597.62945
1463	1	+27.1500:1	24388.15291
1464	1	-34.7700:148	24388.63013
1465	1	-3.85000:72	23393.7581
1466	1	+989.680:1	24387.2881
1467	0		25498.8976
1468	1	Acetyl:1	24386.09781
1469	0		24387.97427
1470	1	+48.2600:107	11697.90842
1471	1	-0.99000:88	23396.6181
1472	1	-4.85000:40	23392.7581
1473	1	+5759.99:124	24386.29346
1474	1	-2.96000:1	23553.73764
1475	1	-11.9000:1	12220.08702
1476	2	+42.0800:1,-10406.0:93	24388.1014
1477	1	+930.390:116	24327.9981
1478	1	+6.70000:112	18745.37442
1479	1	-56.9300:1	11700.83772
1480	1	+62.7200:1	12289.77773
1481	1	-12412.2:13	24389.27374
1482	2	-267.140:28,-32891.9:51	13270.60988
1483	1	+17.7000:1	19316.23634
1484	1	+3.87000:127	22152.69025
1485	1	-61.9800:1	28849.39688
1486	1	-42.3200:156	24388.11331
1487	1	-63.0400:60	12183.61905
1488	1	-1662.98:52	24389.01874
1489	1	+4087.33:1	27484.9381
1490	1	+156.200:1	23553.8081
1491	1	+7797.19:118	31194.7981
1492	1	-34.0800:1	24389.40376
1493	1	-14677.5:15	24388.07936
1494	2	Acetyl:1,+11832.7:118	32926.20744
1495	0		24387.9559
1496	1	+1641.58:53	23506.52825
1497	0		24388.11394
1498	1	+47.2700:1	14963.70633
1499	1	-27.1100:1	24501.09612
1500	1	-19.9300:111	23377.6781
1501	0		24386.55344
1502	1	+5.56000:1	19065.89933
1503	1	+1.98000:147	24389.31231
1504	1	-1.08000:99	23555.61764
1505	1	+4481.31:52	24387.01003
1506	1	+54.3400:1	17601.18771
1507	1	+42.9800:139	23552.96568
1508	1	-35.0800:130	23351.37093
1509	0		25390.53091
1510	2	-21991.0:4,-27.9400:239	9882.2984
1511	1	+12.2700:174	24351.23933
1512	2	-38235.6:13,+48.5700:547	25476.5731
1513	1	+18.5200:105	12469.56263
1514	1	-52.9700:137	24488.26663
1515	1	-33.7400:76	11913.14895
1516	1	-656.220:101	23394.69791
1517	1	-4.81000:1	23556.97155
1518	1	-19.1700:105	23393.76292
1519	1	+12.5000:157	19288.24316
1520	2	-1273.48:11,-65.0500:206	24388.34992
1521	1	-34.8800:141	24387.2296
1522	1	-2.00000:114	23395.6081
1523	1	-6471.59:25	10685.00163
1524	1	-3.74000:117	23393.8681
1525	1	+446.230:119	24331.09617
1526	1	+59.8800:1	24387.95583
1527	1	+21.1900:1	24387.17019
1528	1	MetToLys:1	23394.6581
1529	1	+991.700:60	24389.3081
1530	2	+42.3600:1,-5631.76:188	24385.28803
1531	1	Acetyl:1	23551.96956
1532	1	+6392.81:125	25449.37145
1533	1	-25.8700:1	22097.1569
1534	1	+58.9100:1	14074.01715
1535	1	C12-C13:59	23396.6081
1536	2	-44882.0:13,-46.4400:461	7798.60274
1537	1	+154.290:1	23551.8981
1538	1	+27.1800:1	24388.18291
1539	1	Acetyl:1	24392.2121
1540	2	-9391.59:21,-14.1300:183	6887.39749
1541	1	-55.1700:167	24386.03586
1542	2	-5050.50:101,-68.4600:200	24490.37071
1543	1	+158.190:1	23555.7981
1544	1	-1873.61:56	21523.9981
1545	1	-51.2000:103	12890.29086
1546	1	-898.530:99	22499.0781
1547	1	-803.380:127	23399.427
1548	1	Acetyl:1	23393.62627
1549	1	+37.7200:109	12192.64133
1550	1	+25.4500:1	17144.6922
1551	0		23396.72054
1552	0		24388.06961
1553	1	+12.2200:1	24371.23797
1554	1	-11.6200:136	24371.46141
1555	1	+7789.78:14	24390.01249
1556	1	+68.7600:1	16169.85657
1557	1	+59.1200:178	24388.25576
1558	0		24388.2764
1559	1	+10823.3:2	23396.51475
1560	3	EDA:1,-3887.76:63,-38.0300:211	24388.32072
1561	1	-10.9300:58	11779.9526
1562	1	-12.8200:140	24390.35312
1563	1	+29.8600:38	5534.61367
1564	1	+39.4200:1	15857.31612
1565	1	+29.4500:113	23068.89056
1566	1	-44.7500:120	21510.2495
1567	1	-50.0900:111	23393.83348
1568	1	-764.040:70	11586.99894
1569	1	+677.150:1	24233.84764
1570	2	EDA:1,-8.21000:14	3965.82699
1571	1	+42.9000:159	23552.88568
1572	1	+46.2700:169	23298.67089
1573	0		24516.68569
1574	1	+5.67000:1	25404.16718
1575	1	+2.82000:119	23552.84821
1576	2	+36.5600:1,+43.4600:95	12950.52425
1577	1	+10.0900:72	12226.81741
1578	1	+4.04000:217	24388.11014
1579	0		24387.33231
1580	2	+42.0800:1,+5.83000:187	24387.32502
1581	1	-29918.9:28	12244.46813
1582	1	-5912.04:97	15850.02005
1583	0		24261.01607
1584	1	-29.6900:64	8164.13916
1585	1	-62.0700:1	24258.99193
1586	2	-56.6000:1,-40.4300:38	4957.47518
1587	2	+5919.08:43,-1.98000:94	24387.30236
1588	1	+26.0800:174	24257.07252
1589	1	+16.9300:1	24386.03368
1590	2	+42.1100:1,+33.9000:121	23395.89228
1591	1	-27.2100:1	24388.62248
1592	1	-30.8600:1	24387.32343
1593	1	-3.89000:108	12131.58026
1594	1	+4473.94:124	23100.24346
1595	1	-19.1200:133	23393.81292
1596	1	+69.1400:1	20933.52176
1597	1	-73.0300:1	24259.07023
1598	1	Acetyl:1	24387.17765
1599	1	-41.8700:172	24227.13024
1600	1	Acetyl:1	24259.07462
1601	1	Acetyl:1	24226.16492
1602	1	+996.710:1	24394.3181
1603	1	-18211.9:117	24259.30484
1604	1	-7171.98:86	24307.99925
1605	1	+36.1400:1	24259.24962
1606	1	Acetyl:1	24386.18181
1607	1	Acetyl:1	24259.89085
1608	1	+1.21000:115	23398.8181
1609	1	+1.07000:1	24262.02013
1610	0		24388.24021
1611	2	+42.3300:1,-28.4100:161	22863.14723
1612	1	-34578.4:124	24387.33188
1613	1	+19.6600:68	8104.68594
1614	2	+41.9300:1,+63.3800:106	23392.82999
1615	1	+1182.12:1	24579.7281
1616	1	-30393.3:11	25406.01472
1617	1	+62.8700:1	24259.98119
1618	1	+56.0600:178	24299.18613
1619	1	+26.4800:1	12192.61928
1620	1	-27026.4:143	24258.84462
1621	1	Acetyl:1	24388.68203
1622	1	-12038.2:73	24389.3601
1623	2	+42.0800:1,-11365.1:197	28571.9925
1624	2	+3225.64:1,-4163.88:13	22459.3681
1625	1	Acetyl:1	24259.83058
1626	1	+1061.56:3	10648.34909
1627	1	Sulfur:1	24259.17962
1628	1	+875.960:129	18582.77594
1629	2	+42.0700:1,+184.050:37	24261.98437
1630	1	+20.0300:1	24390.09076
1631	1	+15.7800:71	7851.65638
1632	1	+27.5800:16	4058.35322
1633	2	+42.1500:1,+13.9000:178	25364.68987
1634	1	+18.4400:157	24260.76588
1635	1	-22.2600:186	25233.28566
1636	1	+49.8400:181	25364.70263
1637	2	+42.2100:1,-17607.8:125	24389.24019
1638	2	+41.9500:1,-11.6000:178	24242.17138
1639	1	+34.7500:1	24262.0007
1640	0		24262.46629
1641	2	+42.3300:1,-24.2200:143	21431.79609
1642	1	+31.6900:137	23196.95944
1643	0		24388.39511
1644	0		24260.28541
1645	1	-3825.16:186	24261.005
1646	1	+44.1000:1	24256.01343
1647	1	+63.4200:1	28261.61818
1648	1	-29.4100:180	24262.13272
1649	1	+53.5500:179	24386.29862
1650	1	-38.8300:1	24262.14483
1651	1	+59.8600:1	24260.99847
1652	1	+6.51000:1	25404.14456
1653	1	-52.1700:1	25232.30562
1654	1	Acetyl:1	24261.08448
1655	1	-7955.82:18	24261.14795
1656	2	+38.0300:1,-1.97000:182	24259.16962
1657	1	-48.4500:92	7851.26029
1658	1	+25.0900:65	8105.03571
1659	2	-2.94000:1,+567.430:115	24260.14334
1660	1	-9.83000:52	8087.39492
1661	1	+1065.47:1	24463.0781
1662	2	-1744.92:12,-34.4500:67	5889.48836
1663	1	+26.5200:1	10855.77472
1664	1	+7671.92:3	24384.99091
1665	2	-1.95000:1,-1.85000:126	24260.17537
1666	1	+27.8700:1	24388.2702
1667	1	-9.33000:1	3466.31516
1668	0		22282.11643
1669	1	-31.0900:199	24387.41386
1670	1	-3.85000:1	23393.7581
1671	1	-21.8100:156	24388.34408
1672	1	Acetyl:1	24388.62248
1673	2	+1903.78:1,-3148.94:81	22311.53764
1674	1	-0.99000:1	23396.6181
1675	1	+22.6000:117	25419.25432
1676	1	+156.140:1	23553.7481
1677	1	-60.4600:1	11697.30772
1678	1	+25.5200:99	12179.63653
1679	1	-15370.8:162	25200.44921
1680	1	+66.3100:214	24386.32504
1681	1	-13.9400:197	29242.80184
1682	1	-128.030:92	23396.99819
1683	1	+18.2100:109	12130.05862
1684	1	+155.290:1	23552.8981
1685	1	+13.3700:69	24386.36639
1686	1	+2.12000:1	23558.81764
1687	1	+45.1400:1	24386.00727
1688	1	+6008.70:104	26918.99665
1689	1	+63.0700:94	12818.35712
1690	1	+1270.87:51	24386.38725
1691	1	-11.2900:127	17448.31143
1692	1	+6804.38:1	30201.9881
1693	1	Acetyl:1	24265.11962
1694	1	+39.9600:1	24263.06962
1695	1	+8423.66:24	24388.3196
1696	1	Acetyl:1	11653.46369
1697	2	+40.6500:1,-32.7800:28	4711.38066
1698	2	+42.1700:1,+29.0500:179	24386.34881
1699	1	+2009.27:87	22432.46582
1700	1	-13.1000:1	12244.01494
1701	1	-2933.56:103	24359.91473
1702	2	+42.1500:1,-4.78000:137	24266.25155
1703	1	-37.7800:166	24261.14134
1704	1	-13.3100:1	12113.67081
1705	2	+61.0100:1,+6968.52:29	24262.12328
1706	1	+1270.76:15	24386.27725
1707	1	-27626.5:167	24386.9187
1708	1	-17.2000:110	23394.71447
1709	1	+3905.62:12	24245.79984
1710	1	+6549.40:1	29947.0081
1711	1	+10124.9:46	24263.0107
1712	0		24260.91298
1713	2	+41.9800:1,+4.71000:192	24261.21166
1714	0		24385.86403
1715	1	-16.9800:167	24385.38101
1716	2	+1180.14:17,-10354.5:118	24387.81176
1717	1	Acetyl:1	25230.29221
1718	1	+1.48000:193	25499.62342
1719	1	+40.5600:1	24259.07753
1720	2	+960.920:96,-30.2400:195	24257.10859
1721	1	-6523.53:49	24261.47034
1722	1	-57.7600:54	5762.52806
1723	1	+26.9200:1	23553.02698
1724	1	-34.9800:1	24386.18396
1725	0		24262.03018
1726	1	-4.91000:1	23392.6981
1727	1	+21.0500:157	24262.22638
1728	1	-36.8600:1	24387.17603
1729	1	+3861.99:55	24261.13034
1730	1	+37.1400:1	24388.30819
1731	1	-3.97000:1	23393.6381
1732	2	+41.7600:1,+1.10000:130	19397.4047
1733	1	+124.330:1	24388.30537
1734	0		21649.989
1735	1	+153.220:1	23550.8281
1736	1	-4108.92:97	24260.12443
1737	1	-4.90000:1	23392.7081
1738	1	-19.9600:1	29711.83259
1739	1	-60.4300:1	11697.33772
1740	1	-10.3300:139	22815.21263
1741	1	+1228.52:1	24626.1281
1742	1	-4.94000:1	24387.4775
1743	0		24260.53529
1744	2	+42.3300:1,-22.6800:171	24262.14555
1745	1	-31.5000:100	18011.67847
1746	1	Acetyl:1	11777.7138
1747	1	-50.6500:1	24387.54451
1748	2	+42.2500:1,-21.9800:164	23395.7825
1749	1	-15.1500:1	24389.17595
1750	2	+41.8100:1,+1500.45:47	20022.37778
1751	1	-3.65000:183	26903.46574
1752	1	+4497.31:75	24388.20466
1753	1	-3.86000:1	23393.7481
1754	1	-6.16000:145	24261.17027
1755	1	-11189.0:15	12195.66118
1756	1	-3.83000:1	23393.7781
1757	1	-0.92000:106	24263.05537
1758	1	+39.0400:1	24262.14962
1759	0		24260.53097
1760	1	-44.4600:179	30532.89251
1761	1	Acetyl:1	25235.58387
1762	2	+37.2300:1,-44.4600:30	3346.38846
1763	2	-27.1500:1,-7348.41:44	12229.18072
1764	1	+39.2100:155	19673.97832
1765	1	+42.8000:57	7849.62555
1766	1	+53.1600:1	24262.16743
1767	0		25192.64194
1768	1	-8304.33:26	8155.01873
1769	1	+25.5500:100	23301.39594
1770	1	Acetyl:1	24389.17944
1771	2	+41.9800:1,+19.1000:154	24263.07886
1772	1	-41361.2:60	18907.1101
1773	1	+0.76000:1	24366.90289
1774	1	-35.0100:156	24261.1737
1775	1	-63.7400:170	24377.31843
1776	1	+7061.22:61	20979.16684
1777	1	-17.5800:1	12337.57269
1778	1	+19.0100:137	23393.68996
1779	1	+10.4500:120	24388.23903
1780	1	-18698.3:85	15806.00187
1781	2	-2.99000:1,-2.91000:118	23550.79764
1782	1	+65.9400:114	24388.3507
1783	1	-1.98000:122	24261.99537
1784	2	DCAT_D0:1,+31.2300:142	24387.40609
1785	1	-54.0100:194	24260.12609
1786	0		24386.96463
1787	1	-2.88000:112	24261.09537
1788	1	-1.90000:102	23395.7081
1789	1	-2.76000:112	24261.21537
1790	1	-5.49000:77	6900.70068
1791	1	-1492.54:74	24261.20931
1792	2	-13.8900:1,+2708.40:67	24260.09942
1793	0		24386.20299
1794	2	+42.0900:1,+27.4300:191	24386.32382
1795	1	+42.8500:106	23552.83568
1796	1	-16.9000:1	24266.00117
1797	2	-9.91000:1,+5035.65:63	24389.29787
1798	1	-58.9500:1	11698.81772
1799	1	-8.10000:230	33510.93801
1800	1	+36.6200:115	12193.65516
1801	1	+13.1600:118	18702.55749
1802	2	+42.1700:1,+3143.66:82	24388.2764
1803	1	Acetyl:1	12386.28409
1804	1	+154.280:1	23551.8881
1805	1	+18.5000:125	12181.00175
1806	1	+2028.05:155	24261.07498
1807	1	-2.92000:1	23394.6881
1808	1	-40.2400:1	12314.91269
1809	1	-4271.54:11	23394.31591
1810	1	+3698.20:1	27095.8081
1811	1	+97.0600:58	12192.16217
1812	1	+992.750:1	24390.3581
1813	1	-5.62000:1	8129.4521
1814	2	+41.9800:1,+21.2500:52	12192.1591
1815	2	+41.6700:1,+65.7700:171	24262.20876
1816	1	Acetyl:1	34265.24884
1817	2	+41.9900:1,-49749.5:123	14931.38334
1818	1	+44.7800:1	24263.09475
1819	1	-38.8600:160	24387.30395
1820	1	+21.1200:1	11778.88772
1821	1	+2007.41:1	25405.0181
1822	2	+42.1700:1,+64.2800:107	23554.79706
1823	2	+42.2900:1,+13.5800:211	29469.72211
1824	1	+2.14000:1	23399.7481
1825	1	-7354.93:15	8132.72318
1826	2	+42.2300:1,-8596.39:91	17312.01128
1827	1	+45.5800:171	20610.7454
1828	2	+17.1600:1,+2926.49:64	24261.12334
1829	1	+24.8300:168	24259.15079
1830	1	-33.6400:184	25302.06738
1831	1	-3269.31:11	11255.81165
1832	1	+39.4000:180	23344.93269
1833	1	-10.1200:113	24251.21571
1834	1	-47.9500:177	24486.31781
1835	1	+3464.08:1	26861.6881
1836	1	-25.6900:168	24386.33269
1837	1	-5.87000:117	23391.7381
1838	1	+2.94000:1	16029.828
1839	1	Acetyl:1	12131.06925
1840	2	+42.0800:1,-4443.73:60	19597.57924
1841	1	-0.82000:1	23396.7881
1842	1	+8562.88:103	29148.09965
1843	1	+156.130:1	23553.7381
1844	1	-54.6900:1	24261.34937
1845	1	+12.6300:1	22317.80033
1846	1	-10.0300:153	24390.37687
1847	1	+33.2000:1	23411.09683
1848	1	+31.1200:124	20386.30298
1849	1	+4106.44:15	24260.19037
1850	1	-20.4800:150	24261.05736
1851	1	+6.93000:1	24261.16535
1852	1	-33.0100:197	24386.28569
1853	2	-10.3000:1,+1.78000:64	6110.0849
1854	1	-7.94000:1	23047.68977
1855	1	Acetyl:1	24387.17765
1856	1	Iso_N15:133	23398.6081
1857	2	-26007.0:13,+26.4300:295	8087.37926
1858	1	-55.5200:1	23393.85109
1859	2	+41.8900:1,-42.9400:182	24388.32913
1860	1	+2358.22:123	24387.18813
1861	2	+41.9500:1,-8197.71:82	14899.00809
1862	1	+38.0600:206	24386.48669
1863	1	-60.9700:1	11696.79772
1864	1	+1038.36:172	24265.00586
1865	1	-20.4500:1	11698.01101
1866	1	+11.1800:1	7849.99904
1867	1	+57.1800:94	11007.4964
1868	1	-6800.88:5	12131.67293
1869	2	+42.3100:1,-42.0300:119	24389.36202
1870	1	+927.980:59	34930.99134
1871	1	+42.9000:107	23552.88568
1872	2	+1637.01:1,-2457.99:83	22576.6281
1873	1	-1205.48:59	22192.1281
1874	1	Acetyl:1	18597.20727
1875	2	-16969.1:21,-29.1800:204	8129.42384
1876	1	-27.7700:1	22095.2569
1877	1	+3103.62:66	24388.01547
1878	2	+4852.36:1,-4854.18:10	23395.7881
1879	1	-29.3600:1	21508.37986
1880	1	-52.9000:1	24390.15492
1881	1	+66.3600:43	5283.13005
1882	1	+990.690:1	24388.2981
1883	0		22245.13083
1884	1	+21.3900:1	24328.41032
1885	1	-11.5400:111	13158.95162
1886	1	-38239.1:77	24385.99094
1887	1	+158.140:1	23555.7481
1888	2	-5129.62:36,+39.8100:121	6123.10851
1889	1	-48.1300:115	24389.29976
1890	1	-19.9300:1	23325.20474
1891	1	-31003.8:58	23201.449
1892	2	+9.13000:1,+11083.7:41	25318.84262
1893	3	+42.2100:1,+16611.2:12,-20.8200:54	23201.63241
1894	0		27437.90217
1895	2	+1192.67:1,-120.920:109	24469.3581
1896	2	11C32N15:1,+3323.72:81	24261.10614
1897	1	-47.2700:1	25406.1538
1898	1	+46.6100:1	9021.01016
1899	1	+40.0500:158	24262.9389
1900	1	Acetyl:1	24386.11165
1901	1	-21.7300:121	19740.95439
1902	1	-22.8700:236	24389.24589
1903	1	-39.8800:1	24388.36347
1904	2	+41.7900:1,-6989.50:163	25364.54348
1905	1	+158.310:1	23555.9181
1906	1	+6158.20:91	26975.64298
1907	2	+53.7600:1,-19179.7:159	24270.0055
1908	1	-13327.1:130	24389.98965
1909	1	-2.94000:1	24262.16851
1910	1	+54.4100:132	20125.6136
1911	1	-44.1100:1	10243.85471
1912	1	+52.9600:105	12216.16836
1913	1	+5615.34:1	29172.03764
1914	1	Acetyl:1	28778.40285
1915	1	-38705.1:18	12216.00635
1916	1	-11560.6:61	24262.96367
1917	1	-16320.8:47	24259.02313
1918	1	-6190.61:66	9010.00597
1919	2	Acetyl:1,-2.27000:101	12129.53237
1920	1	-23.8800:28	4850.45158
1921	1	+36.0000:1	24259.10962
1922	1	Acetyl:1	23413.42151
1923	1	+11.6300:74	7352.75225
1924	1	Acetyl:1	25547.6135
1925	1	-11546.9:216	24262.02007
1926	1	-5.85000:1	23391.7581
1927	1	+2358.41:56	24387.37813
1928	1	Acetyl:1	24391.31274
1929	1	+46.1100:56	7797.53197
1930	2	+42.0300:1,-794.060:87	21745.17703
1931	1	+6681.59:127	24388.40594
1932	2	+41.8100:1,-14.6700:170	24266.16028
1933	0		23109.40099
1934	1	-8.70000:1	30777.78982
1935	1	+30.6900:15	4267.84725
1936	1	+11.4800:1	25656.25786
1937	2	+17.7800:80,-19.7800:99	23395.6081
1938	1	+51.3300:1	24227.07367
1939	1	+22.2300:164	24244.07211
1940	1	-3.03000:1	23553.66764
1941	1	+28.2000:1	23425.8081
1942	1	+72.6500:1	24387.08743
1943	1	+40.1000:112	10350.09058
1944	2	+41.9500:1,+19.5400:59	8006.52611
1945	1	-12.4200:1	24391.48334
1946	1	+2010.56:1	25408.1681
1947	1	-2.01000:1	24387.40869
1948	1	-28.0200:1	12184.26354
1949	1	+899.510:1	24297.1181
1950	0		11696.64597
1951	1	+25.2200:231	23292.09068
1952	1	-22.1700:1	24261.00773
1953	1	Acetyl:1	24388.19746
1954	2	+0.92000:1,+4563.32:73	24262.12996
1955	2	EDA:1,-4.72000:275	30773.82093
1956	1	+990.660:1	24388.2681
1957	0		24263.97537
1958	1	+286.130:9	12195.15287
1959	0		24264.40522
1960	1	+1335.78:1	24733.3881
1961	1	-7989.90:53	11915.01031
1962	1	-26.7200:162	24261.21909
1963	2	+42.1900:1,-4728.12:7	12848.69584
1964	1	+3918.65:1	27316.2581
1965	1	+2.18000:1	24388.01113
1966	2	-1266.23:42,+49.6200:97	12245.11868
1967	1	+50.3400:172	25449.79045
1968	1	-29.0200:133	23398.7814
1969	1	+6094.11:118	27839.00065
1970	1	-8845.45:61	10075.05671
1971	1	-6.06000:244	28362.36824
1972	1	Acetyl:1	27171.96193
1973	1	+1608.81:127	24261.01301
1974	1	+52.7000:1	12117.99926
1975	1	-34491.8:58	10249.86695
1976	1	Acetyl:1	24259.89676
1977	2	+3982.94:1,-7926.87:34	19612.76764
1978	2	EDA:1,+35.1300:208	24258.17219
1979	2	+3306.82:1,-5414.43:50	21289.9981
1980	1	-2.80000:111	24261.17537
1981	1	-1.08000:216	24261.00233
1982	2	-0.96000:1,-1066.94:59	22329.7081
1983	1	+1.18000:1	25366.68767
1984	1	-26.3900:160	14498.01733
1985	1	+153.180:1	23550.7881
1986	1	-45.8700:1	24387.47881
1987	1	-6.17000:1	24388.34483
1988	2	+42.0800:1,+1767.06:119	24267.1519
1989	2	+41.9800:1,-3178.57:116	24386.26182
1990	1	+125.340:1	24389.31537
1991	1	-59.4100:1	11698.35772
1992	1	-26.8000:1	23190.00773
1993	1	+6681.54:51	24388.35594
1994	1	-2475.08:85	24388.36266
1995	1	-15114.4:87	24388.01314
1996	1	+26.1900:170	22334.54323
1997	1	-35.7700:195	23550.92575
1998	1	-29.0800:34	5506.80484
1999	1	Acetyl:1	22165.0369
2000	1	-16.9800:1	20511.1465
2001	1	+3198.58:124	24386.17861
2002	1	-17.2700:169	24264.23488
2003	1	-15085.1:18	8129.44566
2004	1	+41.3500:1	21350.98803
2005	1	-54.9800:1	30544.18835
2006	2	Acetyl:1,+19.7500:57	7851.65561
2007	0		24263.44762
2008	1	-47.7400:1	27063.01718
2009	1	+42.4700:1	12397.62269
2010	1	+6.16000:172	25550.50542
2011	1	+992.700:1	24390.3081
2012	1	+46.4100:161	24385.31712
2013	1	-32.9100:1	23161.74737
2014	2	+45.4400:1,-5.48000:25	2924.60247
2015	1	+7418.90:45	25200.029
2016	1	+3.38000:170	24388.37249
2017	1	+1176.98:114	24243.46793
2018	2	+41.6500:1,-18147.4:10	25273.00855
2019	1	+2007.45:1	25405.0581
2020	1	+3.93000:1	18646.01183
2021	1	-38.6800:108	18622.5262
2022	1	-30281.4:47	24260.94637
2023	2	Acetyl:1,+18.0500:201	24388.34401
2024	1	-6834.27:4	12956.55002
2025	1	+1852.86:14	12173.01776
2026	1	+53.4600:1	24386.73144
2027	1	-16.1700:23	7797.63216
2028	1	+1223.07:1	24620.6781
2029	1	+19007.3:12	24260.77319
2030	2	+42.0900:1,-14.0000:48	15872.04632
2031	1	Acetyl:1	24386.07778
2032	1	+940.780:1	24338.3881
2033	2	+42.1100:1,-47.3700:103	23393.81542
2034	1	-19.9600:40	23369.66245
2035	1	-7.27000:78	12246.71908
2036	2	+42.1900:1,+13.3000:180	19081.36026
2037	1	+9.98000:1	25441.4402
2038	1	-34.4400:113	25324.02827
2039	2	-6141.86:11,+39.7900:162	12205.86903
2040	1	-15119.7:90	24260.49086
2041	1	-37.5400:1	12128.59928
2042	1	+43.2000:1	24261.02058
2043	0		27254.42175
2044	1	Acetyl:1	19065.50284
2045	1	+42.3400:1	24387.23387
2046	2	+53.1000:1,+301.200:75	24262.1058
2047	1	+4763.06:37	25251.69542
2048	1	-18354.9:14	24263.94659
2049	1	+5.21000:150	24388.33522
2050	1	-27411.9:41	25477.66868
2051	1	-2.88000:1	23394.7281
2052	1	Acetyl:1	24387.34955
2053	1	+21.3000:138	18724.64749
2054	1	-34.7500:1	24387.17889
2055	0		22308.31104
2056	1	-59.3900:1	11698.37772
2057	1	-22.9500:1	24390.02102
2058	1	-27.6400:1	4346.25156
2059	1	+6304.55:1	29702.1581
2060	2	-18189.1:31,-3.55000:358	24262.12598
2061	1	-36.9900:1	7226.65006
2062	1	+59.2100:154	23398.73212
2063	1	-7.87000:144	24264.18545
2064	1	Acetyl:1	23170.40764
2065	1	Acetyl:1	9909.94157
2066	1	-6.01000:59	23391.5981
2067	1	-9.81000:108	24387.23987
2068	1	+1234.56:1	24632.1681
2069	1	+1594.66:1	25151.35764
2070	1	-65.2900:1	7852.89397
2071	1	+4458.90:39	19495.24945
2072	2	-1042.00:119,-19.3200:213	24386.35134
2073	1	+5.73000:43	7158.45374
2074	1	-30.0000:1	24389.34257
2075	3	Acetyl:1,-5634.65:115,-80.2000:248	23392.74125
2076	1	-26.6600:178	24616.52569
2077	1	+10.1300:1	14395.25461
2078	1	+40.1800:1	24388.60561
2079	1	-15138.5:126	23396.01093
2080	1	-43.9800:1	24388.31272
2081	1	Acetyl:1	24388.07512
2082	1	-14.2000:1	22375.06236
2083	1	-35.2300:126	15907.56853
2084	1	+1831.91:136	23369.64986
2085	1	+15.0300:55	7436.87465
2086	1	-29.6000:50	6240.4248
2087	2	+41.7100:1,-14.7900:189	23550.91767
2088	1	-25.9100:1	14963.50747
2089	1	-7505.84:14	22054.02058
2090	1	-4742.17:12	24388.49207
2091	1	-6.63000:1	25272.89262
2092	2	+12.8100:1,+45.4200:206	24389.33509
2093	1	-10915.0:16	22290.51836
2094	1	+1342.40:9	12105.00466
2095	0		23078.42817
2096	2	+8464.37:1,-9483.62:15	22378.3581
2097	2	-18770.3:25,+26.9900:366	24262.13132
2098	1	+10267.4:12	24389.16248
2099	2	-3165.75:18,-22.7100:241	24388.34811
2100	1	+10.7400:67	8313.7591
2101	1	-23.3700:112	11996.7725
2102	1	-28710.4:208	24388.69443
2103	1	-12407.5:12	18722.02548
2104	1	-7666.99:77	12844.5344
2105	1	+2726.82:38	17763.16945
2106	1	-34.5500:1	12131.58928
2107	1	-43.2600:1	11216.21632
2108	1	+988.650:1	24386.2581
2109	1	+25.9600:1	24260.28079
2110	1	+19.6500:192	24388.1869
2111	1	+1034.22:11	19295.15831
2112	1	Acetyl:1	25230.57052
2113	1	+27.1600:1	23399.00494
2114	2	+55.9600:1,+5087.72:14	24386.32075
2115	1	+37.4900:1	12191.60519
2116	1	+993.670:117	24391.2781
2117	2	+42.1700:1,HisToGlu:184	23398.86078
2118	1	+24.9700:117	11633.31407
2119	1	-1062.15:28	21619.14181
2120	1	+124.380:1	24388.35537
2121	1	+9.81000:1	24501.02169
2122	2	-17695.2:12,-0.57000:315	24263.21625
2123	2	+9.20000:1,-25556.0:45	12249.00821
2124	2	-16.8400:1,+2219.32:53	24391.30674
2125	1	-37.0200:1	23445.95112
2126	1	+1.65000:1	24266.95414
2127	1	+6194.30:71	25272.71015
2128	1	-1.85000:1	23395.7581
2129	1	-6.70000:1	23551.9415
2130	2	+42.2600:1,+184.050:25	24262.17437
2131	1	+54.9200:94	24387.36082
2132	1	+15.0600:1	17548.61782
2133	2	+41.9900:1,+57.7700:40	6122.63302
2134	1	-34502.0:10	21039.23832
2135	1	-31486.3:18	7630.01231
2136	2	+42.2500:1,+28.0000:196	24386.3911
2137	1	-1.88000:1	23395.7281
2138	1	-15809.9:115	15789.93249
2139	2	+41.8100:1,+6418.16:26	24333.98474
2140	1	-34.4000:1	23363.2081
2141	2	-4976.70:15,-12590.0:95	24382.99601
2142	1	-17.2800:1	24551.99387
2143	1	+67.4300:1	23363.02006
2144	2	-13546.5:13,-23078.7:297	24386.96261
2145	1	-46.9200:1	23394.7507
2146	2	DCAT_D0:1,-12.1000:194	24387.31906
2147	1	-31511.8:12	24361.72372
2148	2	+13112.9:21,+25.1400:101	24387.45993
2149	1	-20426.8:15	24260.06848
2150	1	-37.0700:1	24554.01616
2151	1	+9.48000:1	33824.31011
2152	2	+41.9600:1,-6.98000:180	24390.38317
2153	1	-13345.0:70	8935.01446
2154	1	+988.760:1	24386.3681
2155	1	-8830.36:67	17861.0217
2156	1	+19411.2:10	25194.02271
2157	2	-17.9600:1,+2019.11:79	25366.6858
2158	1	-59.0900:178	24387.3421
2159	3	+42.1400:1,+8412.18:39,-53.9800:131	24391.34839
2160	1	+37.8600:1	13482.41429
2161	2	-35796.7:6,-16.7700:377	4084.70696
2162	2	+46.9800:1,+12942.5:62	25318.7226
2163	2	Acetyl:1,+20.9600:189	24260.17266
2164	2	+41.6900:1,-6690.81:73	24387.37206
2165	1	+22.3900:1	12377.54269
2166	1	+61.5200:201	25298.88398
2167	2	+41.6600:1,-5692.93:55	24389.99493
2168	1	-30703.7:22	24261.00713
2169	1	+42.7400:1	3687.38914
2170	2	-29.6800:1,+3752.44:38	24258.026
2171	1	+30.6700:1	15308.16208
2172	1	-9674.50:15	24260.00513
2173	1	-2.08000:228	23394.90465
2174	1	+38.2100:1	24388.19527
2175	0		24385.37085
2176	1	+13022.3:13	25450.45457
2177	1	-33.9800:219	24260.96372
2178	1	+154.160:1	23551.7681
2179	3	Acetyl:1,-10073.0:93,-21.4300:230	15792.6358
2180	1	-51.9300:29	7530.85539
2181	1	+23.0300:163	24387.35286
2182	1	+38.0300:1	24261.13962
2183	1	+975.780:1	24373.3881
2184	2	+16356.6:16,+14.5800:57	23394.73652
2185	2	-11053.8:33,-24576.3:204	12872.01392
2186	1	-7.03000:113	24387.29812
2187	1	-30.8800:1	24387.30343
2188	1	-2844.76:40	12191.58945
2189	0		24387.95996
2190	1	-447.050:13	26320.026
2191	2	-1.98000:1,-2.89000:189	23392.7381
2192	1	+37.1500:1	24388.31819
2193	1	+8797.02:118	32194.6281
2194	1	-25702.2:13	16629.59105
2195	2	-72.6400:1,-708.210:70	19627.29854
2196	1	-2.92000:1	23553.77764
2197	1	+8217.78:124	25450.37328
2198	1	-11.9400:79	22364.23942
2199	1	Acetyl:1	24259.12014
2200	1	-3.91000:1	23393.6981
2201	1	-2.86000:1	23394.7481
2202	1	+261.770:23	24265.00454
2203	1	-32.8800:1	25233.51196
2204	1	+4782.98:27	24387.01601
2205	1	+2093.45:1	25491.0581
2206	2	+15.9600:1,+3741.93:49	24390.25725
2207	1	+41.8900:107	23551.87568
2208	2	-30438.7:15,+2.22000:506	24353.29255
2209	1	+10165.1:74	30017.07418
2210	1	+34.0000:86	11491.76173
2211	1	-8.90000:1	10215.14899
2212	1	+5804.43:39	20840.77945
2213	1	+990.710:1	24388.3181
2214	3	+41.6500:1,-2603.54:21,-38.0600:190	24388.32712
2215	1	-20.2800:1	7142.10372
2216	1	-13951.5:15	28637.00021
2217	2	+7.11000:1,+8766.22:40	24260.02519
2218	2	-11648.2:13,+77.6000:270	24389.31418
2219	1	-1172.84:12	25256.02178
2220	1	+14.1600:28	3982.04089
2221	1	-56.0200:180	27002.6157
2222	1	+54.8500:141	24387.29082
2223	2	+19.9400:1,+5311.81:36	24388.31145
2224	1	-2.98000:59	23394.6281
2225	2	+41.9800:1,+46.4600:176	24387.37717
2226	1	-9.64000:218	24388.31222
2227	1	+2483.25:14	11778.86462
2228	1	-10.5400:1	3484.01102
2229	1	-2.79000:1	24261.18537
2230	1	+1768.87:1	25166.4781
2231	2	-5721.17:30,+43.9500:93	6118.79847
2232	2	+113.630:31,+46.9200:44	6010.06363
2233	1	-2314.16:39	11603.78684
2234	1	+11278.8:35	24261.01509
2235	1	-17.4800:66	6458.37072
2236	1	+52.4400:264	29598.37412
2237	1	+2007.70:1	25405.3081
2238	1	-4342.17:22	24258.92838
2239	1	-15915.8:15	14012.45885
2240	2	-20899.3:10,+6.72000:419	25405.33359
2241	1	-33.1400:1	24370.03372
2242	1	+2010.26:111	24579.52454
2243	1	-18011.9:87	24388.47184
2244	2	+41.9200:1,-42.7000:177	24394.33015
2245	1	-21.1800:162	24387.22321
2246	1	-4801.33:16	7688.99144
2247	2	-4173.06:74,-64.4900:156	12179.17213
2248	2	+41.9400:1,+10.2900:206	24263.21898
2249	2	-15062.0:118,+8.47000:358	24389.42137
2250	2	-39492.4:26,-10.2400:433	12176.19701
2251	2	+21015.0:12,-7649.81:38	28974.0009
2252	1	Acetyl:1	12130.20945
2253	2	-12.9100:1,+3422.75:39	24263.15903
2254	1	+9.86000:1	4680.16007
2255	1	-29.1300:173	24387.20584
2256	1	+5.95000:1	24389.39123
2257	2	+6943.20:12,-10.1600:140	25624.24367
2258	2	-17532.8:78,+12.1200:355	24391.41647
2259	1	+13162.6:38	24387.25226
2260	0		23410.89907
2261	2	+41.8900:1,+35.0400:167	24387.3297
2262	2	+42.1400:1,-53.6600:91	11699.91085
2263	1	+8994.43:9	24391.05915
2264	1	-1863.72:14	24387.27569
2265	1	+1227.51:1	24625.1181
2266	1	+11743.9:32	24264.13084
2267	1	-21.9700:1	11140.45356
2268	1	-8569.62:115	24263.9501
2269	1	+10082.1:12	24262.16857
2270	2	+42.1100:1,+41.1700:194	23394.75575
2271	2	+1869.52:35,-5249.19:178	24392.19847
2272	2	+20.0900:1,-24.8000:221	24386.38639
2273	1	+125.350:1	24389.32537
2274	1	+18.3700:51	10301.48375
2275	2	+1193.68:1,-2129.86:83	22461.4281
2276	2	+20.8500:1,+15907.7:37	25349.0111
2277	1	+1.18000:1	23398.7881
2278	1	-49.9400:97	23156.54674
2279	1	+17.0400:1	24260.14953
2280	1	+16479.9:46	27143.28645
2281	1	+5048.00:98	28445.6081
2282	1	-3.69000:83	10305.56716
2283	1	-2.03000:125	23550.66524
2284	1	+990.640:1	24388.2481
2285	2	-5557.53:122,+21.7200:179	23551.8211
2286	2	-14908.0:40,-3.75000:194	9432.45376
2287	1	+32.0100:1	24262.04155
2288	1	-10912.3:45	24386.3421
2289	1	-29338.3:25	12203.99744
2290	1	-21.8300:63	22225.44295
2291	1	-25340.2:46	24386.38129
2292	1	-25.0200:207	24388.39541
2293	1	+1513.78:62	24390.40184
2294	1	+19.6400:1	11777.40772
2295	1	-18846.8:10	26982.41494
2296	2	+1373.22:1,-7413.51:33	17357.3181
2297	1	-0.87000:1	24263.10537
2298	1	+16186.2:24	24388.01485
2299	1	-75.0100:187	25194.42777
2300	2	-10970.3:26,-52.9100:305	25663.67251
2301	1	-66.8700:1	24261.17856
2302	0		24387.13602
2303	2	+47.0200:1,+13845.9:61	25317.69834
2304	0		24419.34257
2305	1	+6850.08:1	30247.6881
2306	2	-18.1400:1,-0.41000:159	15210.67122
2307	2	+8508.89:56,-21.7000:185	27491.00146
2308	2	-4046.94:13,-20.8800:224	24493.33335
2309	1	-20.0800:131	16289.09729
2310	1	+4.21000:185	24261.16203
2311	1	+41.8700:1	24388.02237
2312	1	-24650.3:120	24388.00018
2313	2	+42.2000:1,-34.7800:180	24388.36282
2314	1	-2137.41:12	24442.01897
2315	2	+3410.23:151,-61.6400:191	24388.30915
2316	1	-27.6000:62	25608.90474
2317	1	+6.32000:107	11417.0546
2318	1	-5793.88:25	24259.00014
2319	2	+242.770:14,+35.6300:198	24387.38089
2320	1	-38.6900:1	23553.01051
2321	1	+2.41000:1	12122.46856
2322	1	-3.86000:1	24387.42009
2323	1	-64.6800:187	24262.2111
2324	1	-0.83000:131	24263.14537
2325	1	+991.750:1	24389.3581
2326	1	-12353.6:22	7800.9999
2327	1	-562.180:26	24389.53434
2328	2	+41.7500:1,-63.7000:150	22138.11387
2329	1	+1653.69:1	25210.38764
2330	1	+38.1200:1	24389.28819
2331	1	-20.2300:214	25449.3059
2332	1	+5866.83:1	29264.4381
2333	1	+24.4700:1	11283.94632
2334	1	+14211.2:41	24387.29339
2335	1	-19.1400:106	23393.79292
2336	1	+3.15000:1	23400.7581
2337	1	-593.720:22	12050.24298
2338	2	+36.0200:1,+14052.1:42	24264.23339
2339	1	-48.1200:1	24263.85706
2340	1	-1.80000:1	23395.8081
2341	1	-31.2800:1	24262.01702
2342	2	Acetyl:1,+1392.84:118	22486.32744
2343	1	-4.62000:1	8130.4521
2344	1	-12700.7:18	24389.32403
2345	1	+57.7800:168	24260.14735
2346	1	-35392.8:165	23188.2983
2347	2	-21926.8:38,-29.3900:265	9974.84589
2348	0		16013.94037
2349	1	+24519.6:32	33740.17598
2350	2	-5173.82:20,-20.1800:265	25452.49168
2351	1	-64.4600:1	25234.99672
2352	1	-33.4400:1	12193.61773
2353	1	+12.2600:195	24387.38687
2354	1	+12.9900:1	17760.67956
2355	1	-5768.87:45	19229.5844
2356	1	-50.0900:1	8121.00369
2357	2	-9751.33:62,-41.7300:288	24388.37829
2358	1	-41.6400:1	4321.5446
2359	1	+43.2800:205	24386.30873
2360	1	+1167.62:119	24565.2281
2361	1	+9518.17:1	32915.7781
2362	1	-4.83000:187	24388.16173
2363	1	+24.0700:180	24388.39286
2364	1	-17.4000:26	4156.88083
2365	2	+1183.33:1,-13476.9:37	11263.09764
2366	1	+20.7900:1	25179.158
2367	1	+31.4000:206	24258.4167
2368	1	-0.90000:1	24263.07537
2369	1	+23.9800:108	24387.1113
2370	1	-43.0100:148	23555.91925
2371	1	-24.8400:1	24388.27713
2372	1	-7.34000:81	7852.30345
2373	1	-1.44000:1	12950.03252
2374	1	-13469.6:107	24262.02731
2375	1	-1.85000:1	24262.12537
2376	1	-44.1400:1	22438.09252
2377	1	-32496.1:15	11424.00862
2378	1	+25.9900:128	24390.31286
2379	1	-2.06000:76	23395.5481
2380	2	-24196.7:43,+49.0300:442	25385.44907
2381	1	+945.410:14	24261.95414
2382	2	-937.880:14,+27.5400:223	24350.31112
2383	1	+1336.75:1	24734.3581
2384	1	-3037.32:118	25508.02021
2385	1	-42.9900:227	24388.39995
2386	1	-21.9400:1	22042.80844
2387	1	-15966.6:40	24383.01553
2388	1	-30031.3:154	24260.97103
2389	1	+6.94000:1	24261.20495
2390	2	-14904.6:15,+7.07000:228	8148.4222
2391	1	-5.48000:1	24261.76496
2392	1	-28566.1:13	24261.02143
2393	1	-24.1100:187	24387.37376
2394	2	+32.1100:1,+1771.00:51	24261.1219
2395	1	-18948.6:14	28989.10016
2396	2	-55.2300:1,-24784.8:66	23396.02032
2397	1	+61.0500:1	24387.31158
2398	1	+33.2100:174	24388.31093
2399	1	-23.5300:1	23350.00614
2400	1	+152.230:1	23549.8381
2401	1	+2003.36:1	25400.9681
2402	2	+42.1900:1,+3144.72:37	24389.3564
2403	1	+125.290:1	24389.26537
2404	2	+41.9200:1,+20.4900:97	12906.87997
2405	2	-71.7100:1,+1629.83:155	24372.34908
2406	2	+29.3000:1,-26.9000:208	24387.39977
2407	1	-32.1700:188	24388.33247
2408	1	+14208.2:41	24384.29339
2409	2	-15783.4:178,-36.6900:379	24261.1525
2410	1	+4.13000:1	23401.7381
2411	1	+10370.3:34	20154.00939
2412	1	+4.54000:237	24388.57697
2413	1	-32.4800:36	25417.24629
2414	1	-38.5000:1	7487.0587
2415	1	+4238.11:132	24260.0512
2416	1	-262.030:17	24387.02072
2417	2	-4464.62:62,+44.3300:134	12237.17743
2418	1	+12844.1:42	23167.3118
2419	1	+2698.50:70	25269.59596
2420	1	+5.27000:205	24264.14016
2421	1	-4926.83:15	12173.7864
2422	1	-35.2800:207	23306.51655
2423	1	-2288.28:108	23393.8443
2424	1	-4977.61:54	12251.99934
2425	1	+990.760:1	24388.3681
2426	1	+45.0300:35	24388.43993
2427	2	-38.3400:1,-65.1600:37	4678.76468
2428	1	+7165.90:23	24398.4153
2429	1	-0.97000:1	24387.50117
2430	1	+45.1500:1	25235.51432
2431	2	Acetyl:1,+7923.39:19	25327.03587
2432	2	+42.0700:1,+35.0500:160	24388.30647
2433	1	+42.5900:1	12965.01552
2434	1	+19.7700:1	24492.02189
2435	1	+1830.06:1	25227.6681
2436	1	-56.9100:1	32428.99821
2437	1	+17.9900:155	24387.39053
2438	1	+14366.2:29	24261.16946
2439	0		6856.49717
2440	1	+23.5000:51	5920.4785
2441	2	-27322.1:18,+39.0500:503	25270.69879
2442	1	+15.5100:65	9629.0895
2443	1	+4.57000:1	11264.04632
2444	2	+47.0000:1,+12790.5:44	24262.26834
2445	1	+14088.0:56	24264.09339
2446	1	-12.0100:212	24387.38976
2447	2	+41.7100:1,-38191.5:210	24260.01771
2448	1	-21.7800:86	14120.29653
2449	2	DCAT_D0:1,-42.9400:75	12194.22542
2450	1	-14054.7:49	24260.00486
2451	1	-20827.2:117	24260.29535
2452	1	+11293.3:68	24265.0019
2453	1	-39.7100:1	24387.17536
2454	1	-26.4700:177	20669.1042
2455	1	+158.280:1	23555.8881
2456	1	+153.200:1	23550.8081
2457	1	-5.84000:214	25403.05108
2458	1	-10.1700:179	24485.42738
2459	1	+6.96000:1	24389.0084
2460	2	-2270.29:55,+26.1400:151	14682.10113
2461	2	+1310.95:161,-62.1500:180	24260.18841
2462	1	-24.8600:45	21564.90554
2463	0		12203.7969
2464	1	-5543.17:26	24390.06427
2465	1	-2802.30:186	24386.01727
2466	1	-35.9200:141	24386.1896
2467	1	+36.9900:1	24260.09962
2468	1	+42.9000:150	23552.88568
2469	2	+987.580:106,-49.2000:182	23552.88537
2470	2	+41.6700:1,-1948.59:17	24364.42114
2471	2	-13991.7:14,-4356.61:308	24387.30951
2472	1	+5758.07:127	24384.37346
2473	1	+6028.76:84	24259.99579
2474	1	+8331.92:15	24260.52001
2475	3	Acetyl:1,-4113.85:50,-39.9600:190	23378.58982
2476	2	-1.99000:1,+5765.03:124	24389.34346
2477	2	+34.9500:1,+3028.54:125	23395.73502
2478	1	-39.7700:76	18354.47915
2479	1	-46.2500:1	24387.02405
2480	1	-53.0200:150	24394.09474
2481	1	+15273.3:43	25449.42339
2482	1	-3.88000:59	23393.7281
2483	1	Acetyl:1	25449.86498
2484	1	-7.39000:106	12458.43386
2485	1	-48.0700:155	22332.91277
2486	1	-6162.37:145	24385.00619
2487	1	+989.710:1	24387.3181
2488	0		14618.25497
2489	1	-10216.8:213	24260.08995
2490	1	+5.93000:1	24265.00745
2491	1	+6.12000:73	7732.92836
2492	1	-26.5800:1	24387.55103
2493	1	+1987.68:18	8130.7893
2494	1	+8877.63:91	24387.3432
2495	1	-13.3300:179	25296.3571
2496	1	-3932.97:184	24387.18319
2497	2	+42.2700:1,+12.1100:88	25272.80621
2498	0		23414.50768
2499	2	-35526.5:111,+10302.9:453	24258.12883
2500	0		24389.1899
2501	1	-10018.3:56	24385.33145
2502	0		24505.50155
2503	2	-6009.67:13,+36.8700:123	6120.32935
2504	2	+42.3500:1,+5.74000:202	24263.11248
2505	1	Acetyl:1	24391.15302
2506	1	-1596.68:118	19627.85972
2507	1	+7010.40:32	24260.11955
2508	1	-10363.6:152	23473.85789
2509	1	-49.0200:1	24390.04986
2510	1	Acetyl:1	23261.33626
2511	1	-58.8800:1	11698.88772
2512	1	+38.8300:1	22161.8569
2513	1	+18.6400:1	23334.75299
2514	1	-67.0700:211	24386.42433
2515	1	+51.5400:33	4679.74282
2516	1	-11290.5:37	24313.47264
2517	1	-60.1800:162	24388.31219
2518	1	Acetyl:1	13918.03136
2519	1	-16928.0:11	24388.45127
2520	0		24261.05246
2521	2	+41.8500:1,-14.0800:125	12131.58188
2522	1	+8.29000:186	24388.57679
2523	1	+60.8600:112	12920.41423
2524	1	+27.4900:1	12193.62928
2525	1	+33.3600:237	28328.2481
2526	1	-28085.8:9	24388.32815
2527	1	-7.51000:44	5761.30868
2528	2	-24226.7:27,-6900.84:345	17455.34669
2529	2	+42.2200:1,+18.2600:222	24488.49641
2530	1	-28662.3:34	24262.00412
2531	1	-55.9400:215	24261.01517
2532	1	+18.6400:1	19076.1053
2533	1	+41.2700:1	24387.42887
2534	1	-22279.8:8	24259.01327
2535	2	Acetyl:1,-19676.9:96	24260.99146
2536	1	+42.6500:1	6140.52943
2537	1	Acetyl:1	12204.93938
2538	2	+42.1600:1,+22.9900:184	24261.21786
2539	1	-3.58000:1	24386.51328
2540	1	-33.8700:152	24261.47155
2541	1	-23384.1:127	24388.0127
2542	1	+988.690:118	24386.2981
2543	1	-25.9200:1	24386.21657
2544	1	-33.7000:118	24386.37759
2545	1	+5760.05:124	24386.35346
2546	0		23400.53053
2547	1	+23.3200:1	23580.01764
2548	0		21863.70892
2549	1	+5761.98:119	24388.28346
2550	1	+38.0700:1	24389.23819
2551	1	+59.1800:106	24389.34957
2552	2	+3265.69:1,-2272.04:96	24391.2581
2553	2	-34574.0:71,+23.1700:506	24388.32335
2554	1	+1294.69:1	24692.2981
2555	1	+37.1300:1	24388.29819
2556	1	-5.34000:28	5889.71562
2557	1	-1.77000:1	23395.8381
2558	1	-6887.03:27	24388.39033
2559	2	+419.480:21,+25.2900:192	24454.76085
2560	2	-71.2500:1,-43092.1:49	9528.99867
2561	1	+31.5000:1	7852.96463
2562	1	-29.4500:160	24262.09272
2563	1	+44.9400:33	4822.31312
2564	2	-12472.2:27,+61.7600:289	18385.95868
2565	1	+27.3200:48	7852.93602
2566	2	-27.9300:1,+2876.57:16	24386.37015
2567	2	+613.440:11,+17.3700:180	24353.51997
2568	1	-21675.0:26	23399.02332
2569	1	+18.0100:259	33366.30858
2570	2	-54.6900:1,+55.7300:151	24386.28597
2571	2	-6761.85:27,+17.6100:154	24389.24408
2572	3	+41.9700:1,-15012.6:11,+12.6800:237	14498.81469
2573	2	DCAT_D0:1,+2.29000:147	24386.33519
2574	1	+7783.90:11	24260.08032
2575	3	+41.9900:1,-810.220:50,-31.2600:153	17928.95005
2576	1	-13254.7:13	25620.80652
2577	1	-27058.0:118	24260.32011
2578	1	-56.7100:143	24386.32709
2579	1	+41.1400:1	36045.61018
2580	2	+41.6500:1,-27.4000:181	24388.37954
2581	1	+990.730:1	24388.3381
2582	2	-1521.60:82,-10.9100:292	32771.30549
2583	1	+12.4200:93	13965.88272
2584	2	+41.9700:1,+2.98000:128	24388.35993
2585	2	+42.1900:1,+19027.6:64	30120.37821
2586	1	+1.03000:116	23398.6381
2587	1	-28593.6:35	24387.01326
2588	1	-29956.7:17	24260.0146
2589	2	-47.0000:1,+5832.96:118	23448.72324
2590	2	-15781.3:13,+23.6100:354	24389.41891
2591	0		24385.38455
2592	2	-25344.5:37,-72.7500:416	24261.29475
2593	2	+42.2400:1,+36.9100:158	24259.22407
2594	1	+8572.34:41	18748.46339
2595	1	+7342.39:99	23015.16653
2596	1	-14727.7:207	24495.63851
2597	1	-2.87000:59	23394.7381
2598	1	-44417.2:11	6262.99376
2599	1	-644.870:34	21096.95002
2600	1	+28.0100:1	12194.14928
2601	1	-46.0300:1	23551.98607
2602	1	+49.9500:195	23346.82435
2603	2	+42.0900:1,-7.17000:129	12245.70879
2604	1	+26.7900:1	13460.46223
2605	1	-5925.37:12	24259.79769
2606	1	+33.4500:1	24344.50031
2607	1	-32.8800:211	24264.45169
2608	2	+8276.14:13,-10327.1:55	24261.10822
2609	2	+42.2500:1,-51.6700:27	26419.06406
2610	1	-3.39000:1	24264.5792
2611	1	-7488.20:37	19270.92148
2612	1	-12755.6:9	9724.54899
2613	1	+5.12000:123	24387.39279
2614	1	+39.0200:1	24262.12962
2615	1	+36.1100:1	24259.21962
2616	1	-11.9200:214	25450.55186
2617	1	-834.200:40	14202.14945
2618	2	-549.270:12,-16418.7:51	20954.13017
2619	1	+33.0600:1	24386.14853
2620	2	+36.0900:1,+4020.07:125	24388.40502
2621	1	+4904.89:58	23155.99246
2622	1	+17181.9:27	24389.25737
2623	1	+8.86000:235	24469.38565
2624	1	+49.0500:1	24388.46502
2625	2	-63.7000:1,+417.180:104	24389.34437
2626	1	+26.7800:182	25200.63967
2627	1	+2.43000:63	6126.0938
2628	1	+153.320:1	23550.9281
2629	1	-3209.40:57	7361.00199
2630	1	-15.7400:126	24388.41341
2631	1	+18.8100:1	24388.0245
2632	0		24258.0822
2633	2	+41.7600:1,-66.3900:132	17498.1076
2634	1	-70.4400:205	24389.7014
2635	0		24387.85907
2636	2	-28.0800:1,+4931.60:36	24388.2874
2637	2	-6654.67:9,-15.7900:96	3725.70257
2638	1	-14908.2:49	24387.12901
2639	0		24387.41358
2640	1	+18.1600:152	24261.17348
2641	1	Acetyl:1	24386.12898
2642	1	Acetyl:1	24365.04865
2643	1	Acetyl:1	24388.07633
2644	1	+16.8200:72	5849.20196
2645	1	-2.90000:1	23553.79764
2646	2	+67.9800:1,+5723.98:38	24262.16236
2647	1	+35.1900:1	24262.47709
2648	1	+30.1400:143	24386.32113
2649	1	-49.7700:1	26501.43834
2650	2	-9665.30:12,MetToLys:123	3899.28491
2651	1	+56.8300:1	24386.01502
2652	1	NH+15Da:195	24488.24651
2653	1	-40.9200:1	23412.0181
2654	1	-43.7800:140	18992.68978
2655	1	-44.5900:213	24260.11775
2656	1	-31.7700:199	24388.30759
2657	1	-27073.8:17	24388.58359
2658	2	Acetyl:1,+1433.68:125	22527.16744
2659	2	+42.2300:1,-67.1300:161	25931.91011
2660	2	+42.0300:1,+50.6600:198	23301.39063
2661	1	-30765.8:51	17911.38683
2662	1	-39.0200:1	24265.50052
2663	1	+989.730:1	24387.3381
2664	0		24389.77008
2665	0		25327.58147
2666	1	-15224.7:13	24386.96619
2667	1	-23.8900:162	24260.19391
2668	1	Acetyl:1	24266.23729
2669	1	+59.9300:180	24364.45052
2670	2	-10117.5:51,-10916.0:295	25895.0123
2671	1	+28.0000:1	12194.13928
2672	1	+11743.0:44	24263.23084
2673	1	-8250.10:98	23392.53603
2674	1	-37.6200:159	24387.43278
2675	1	-2749.66:119	20647.9481
2676	1	-43.9100:17	15024.51175
2677	1	+7491.82:1	30889.4281
2678	2	-10694.4:24,-42.4500:196	17473.55826
2679	2	+24.0800:1,-6.77000:45	5768.09228
2680	1	-6.15000:1	24260.02313
2681	1	+68.6200:1	24261.26646
2682	1	-60.9500:1	16666.93246
2683	2	-46.9100:1,+12504.3:37	26314.0212
2684	1	+36.9800:1	24260.08962
2685	1	+7.09000:1	24259.13833
2686	1	+9124.25:34	24388.01138
2687	2	+1255.62:1,-1219.44:105	24387.34819
2688	1	+3515.00:1	26912.6081
2689	2	-6574.77:14,-33.4100:294	24489.28666
2690	1	+5122.90:69	24388.99725
2691	1	+11315.3:39	25233.22684
2692	1	Acetyl:1	24388.10665
2693	2	Acetyl:1,+822.500:170	24262.1181
2694	1	-16553.4:157	24390.01008
2695	1	-30892.2:54	12861.80082
2696	2	+41.6600:1,+55.3200:180	23485.5153
2697	1	+2359.37:139	24388.33813
2698	1	-20.8800:1	23376.7281
2699	1	+139.400:1	23537.0081
2700	1	+53.3800:108	24390.01695
2701	1	-25.6600:149	24387.368
2702	1	-28.9800:1	12860.56804
2703	2	Acetyl:1,+38.0800:165	22706.29524
2704	0		24390.08154
2705	1	-18604.3:162	24388.24046
2706	1	-4.75000:1	23392.8581
2707	1	-19612.0:67	24386.29308
2708	1	+7633.87:1	31190.56764
2709	2	-28017.9:33,+37.5900:295	8088.41044
2710	1	+27.0600:174	24260.15217
2711	1	-29.2500:156	25337.49382
2712	2	+16.2200:6,+37.2900:21	3591.21324
2713	1	Acetyl:1	24260.06069
2714	1	+6069.74:16	23044.97199
2715	1	-27.3100:216	23397.83371
2716	1	-3317.32:74	24366.98862
2717	1	+71.3300:59	5848.7821
2718	1	+6066.33:38	24262.19531
2719	1	+25.7500:126	17145.59889
2720	1	+676.670:94	22373.49939
2721	1	+1.54000:1	24386.51456
2722	1	Acetyl:1	21620.82578
2723	1	+1847.41:1	25404.10764
2724	1	Acetyl:1	16188.70063
2725	1	+3586.56:97	23123.48825
2726	1	-42.5800:115	25476.09272
2727	2	+42.1000:1,-32.7100:55	7799.28561
2728	1	-2.32000:131	19261.6051
2729	1	+34.5200:1	25196.02043
2730	1	+12.5400:127	20412.68245
2731	1	-0.83000:1	24263.14537
2732	1	+1301.70:39	12194.20908
2733	1	-22.4000:1	24386.02159
2734	1	-13539.7:29	9857.9581
2735	1	+51.6600:54	7853.62969
2736	1	+2515.04:11	8093.04053
2737	2	-7606.71:16,+25.9100:168	10155.87936
2738	1	-22.1800:115	12296.76422
2739	2	+41.8900:1,+62.8800:164	24260.24476
2740	2	+41.8400:1,+38.1000:210	24259.18944
2741	1	-4.93000:1	23392.6781
2742	1	-47.9700:153	24388.49778
2743	1	+11.6000:102	12129.63668
2744	2	TriMeth:1,+1697.00:15	24386.3228
2745	1	-0.56000:1	13775.24138
2746	2	-1518.56:14,+44.0500:42	4157.37889
2747	1	-3.80000:121	24260.17537
2748	1	+41.0000:186	24387.06512
2749	2	+41.8100:1,+37.5000:203	24386.32905
2750	1	+27.5000:49	6444.62336
2751	1	+15057.2:43	25233.32339
2752	1	-1.92000:207	24389.29225
2753	1	-14.7700:109	13804.76423
2754	1	+32.4800:141	24297.28677
2755	1	+28.0800:1	24389.08291
2756	1	-19.0000:1	12937.4835
2757	2	+56.0000:1,+1641.69:136	25452.53001
2758	2	-1306.90:60,+28.2000:204	23325.42481
2759	1	-23.4400:209	25604.65846
2760	1	-11.6600:1	24340.70302
2761	0		24389.36913
2762	1	+44.1400:1	24389.16864
2763	0		24384.99249
2764	1	-10389.5:10	2626.01909
2765	2	+41.6600:1,-51.9100:205	24333.13737
2766	0		24390.09328
2767	2	Acetyl:1,-21.3100:147	23118.21889
2768	1	-5.26000:197	24390.32028
2769	1	Acetyl:1	24261.02269
2770	1	-5.09000:159	24348.1223
2771	1	+2195.41:70	24392.01271
2772	1	+45.1200:1	14370.01722
2773	1	+63.5500:80	12096.55494
2774	1	+17.6100:163	24390.5365
2775	1	+4248.30:124	24264.21226
2776	1	-6.41000:1	24263.18475
2777	1	+57.5700:216	24386.35721
2778	1	-70.3200:1	24390.38372
2779	1	-36213.0:38	12962.61898
2780	1	-29.6800:65	7831.21449
2781	1	+49.0400:148	24388.16797
2782	1	-5153.51:158	24258.27098
2783	0		7849.47249
2784	1	-57.8200:1	25802.98236
2785	1	-10741.0:60	23250.5895
2786	1	+54.1100:1	24390.22182
2787	2	+16.0800:1,+2248.24:52	24263.10554
2788	1	+27.8000:202	23253.47844
2789	1	-4115.07:20	3483.77502
2790	1	+4245.30:15	24261.21226
2791	1	+8885.71:57	23452.17333
2792	1	-35.2900:1	24388.18253
2793	1	+1.07000:51	5870.92961
2794	1	-19.8700:173	24390.32615
2795	1	Acetyl:1	24389.47782
2796	0		24262.00999
2797	1	+6680.39:129	24387.20594
2798	2	Acetyl:1,-3752.05:92	24264.01063
2799	1	+46.2300:110	12204.21974
2800	1	Acetyl:1	24387.32643
2801	1	-1.82000:107	24262.15537
2802	1	+8.79000:166	24261.10366
2803	2	+41.6900:1,-14022.0:12	24469.01169
2804	2	-30127.5:4,-6.69000:348	6002.50616
2805	1	Acetyl:1	24488.49374
2806	1	Acetyl:1	24259.86565
2807	1	-1.04000:83	7944.50844
2808	2	+42.1600:1,+0.33000:110	10512.35579
2809	2	DCAT_D0:1,-42.7700:151	24386.37506
2810	1	Acetyl:1	24259.53948
2811	0		25606.60602
2812	1	+5763.98:126	24390.28346
2813	1	-14665.3:15	6124.09214
2814	1	+15.2300:207	26291.11113
2815	1	-3.73000:117	24260.24537
2816	1	+51.5800:1	23423.28057
2817	2	+41.9600:1,-17815.4:145	24323.03246
2818	0		24261.52334
2819	0		24389.08202
2820	0		24260.91493
2821	2	+41.9300:1,+39.8500:190	25362.53661
2822	1	-69.9300:1	25720.96332
2823	1	+2.18000:233	24262.19104
2824	1	-3300.42:4	12841.49494
2825	2	TriMeth:1,+40.2700:190	25381.45676
2826	0		11695.87352
2827	2	DCAT_D0:1,+8840.90:137	29956.47946
2828	2	+41.8900:1,-31.0400:157	16750.20466
2829	1	+17.8000:106	14327.86326
2830	1	-71.8500:157	25241.74875
2831	1	+34.9700:1	24392.0264
2832	2	-16.9700:1,+53.1100:115	24387.30819
2833	1	-780.130:31	24261.1029
2834	1	+13.2000:182	25325.9437
2835	1	-35.4600:1	5758.49678
2836	1	+694.890:61	24443.56579
2837	1	Acetyl:1	17978.79307
2838	2	+41.9100:1,-81.4300:155	25201.78772
2839	1	+1169.75:1	24567.3581
2840	1	-17424.5:38	24260.79021
2841	2	Acetyl:1,+524.960:36	22531.92777
2842	2	+34.2500:1,+38.3800:38	4995.77734
2843	1	+33.3600:1	24388.42455
2844	1	-2.81000:179	24261.16537
2845	1	-19898.5:75	18654.01036
2846	1	+3.82000:85	11697.88185
2847	2	+42.2000:1,-15448.7:101	24388.37507
2848	1	-29457.7:183	25213.31974
2849	2	+24.1600:1,+16.2800:17	2785.71705
2850	1	+48.8400:1	23377.42664
2851	1	-33.6700:179	24260.35857
2852	1	-9215.56:15	9254.64236
2853	2	+42.1400:1,+406.930:99	25715.66561
2854	1	-14.3900:186	24389.20084
2855	2	+41.7000:1,-21.7600:187	24386.38704
2856	2	+41.7400:1,-660.310:77	19288.13267
2857	1	-29.9600:1	24386.15029
2858	1	+19.4200:1	14117.36733
2859	1	Acetyl:1	24385.99065
2860	1	-57.7900:145	22533.43908
2861	1	-3491.49:38	13353.01846
2862	1	+24.5500:1	4694.85007
2863	1	-37.6000:60	6322.23187
2864	1	-1.78000:183	24262.19537
2865	1	-3.78000:110	24260.19537
2866	1	+0.47000:1	6122.5233
2867	1	-19.2800:172	22984.20818
2868	1	+994.710:1	24392.3181
2869	1	-387.000:90	24264.59476
2870	1	+50.9200:134	16682.9443
2871	1	Acetyl:1	24388.17135
2872	0		24260.00434
2873	1	-9.51000:1	24262.5527
2874	1	-16.6000:174	21385.13034
2875	1	Acetyl:1	12782.25726
2876	1	Acetyl:1	24384.769
2877	2	+41.6700:1,-384.730:132	25838.00111
2878	1	Acetyl:1	24389.60451
2879	1	Met_O18:1	24387.31849
2880	1	+38.8800:173	28531.06487
2881	1	-22.9100:1	24387.20872
2882	0		24262.17277
2883	2	DCAT_D0:1,-2.08000:155	24262.17164
2884	2	-24046.1:10,+18.1100:230	5625.32096
2885	1	Acetyl:1	22168.38219
2886	2	-29085.6:37,+58.7400:344	8084.03465
2887	1	+38.2300:1	24389.39819
2888	1	-856.050:68	24385.3695
2889	2	+41.9600:1,-44199.2:126	14406.28585
2890	1	-30.9600:1	24262.00595
2891	1	+13.0400:1	24260.95885
2892	1	-12.5100:162	18247.49625
2893	1	+1227.35:1	24784.04764
2894	1	+13.4100:1	25406.49653
2895	1	Acetyl:1	23451.64701
2896	1	+37.1000:1	24260.20962
2897	0		24389.78044
2898	1	-57.4400:1	11700.32772
2899	1	-75.7000:1	5989.48524
2900	1	+26.2200:170	24387.22291
2901	1	-19655.4:100	24387.08329
2902	1	-14.6700:181	24387.26504
2903	1	+680.480:88	22278.24098
2904	1	-14.1100:27	3920.671
2905	2	-16459.7:10,+12.8300:179	4711.37289
2906	1	-48.8200:1	24388.01322
2907	1	+1550.43:52	31757.06267
2908	1	-11756.0:19	24245.46539
2909	1	-7014.50:7	8163.8679
2910	1	+732.210:25	5888.21241
2911	0		21560.62974
2912	1	+43.2500:1	22870.95375
2913	1	+11314.4:39	25232.36684
2914	2	-9701.98:10,+44.0400:116	3958.14978
2915	1	-4.28000:151	17883.61074
2916	1	+11869.1:43	24389.38084
2917	2	-28203.7:68,+41.2200:484	24264.18136
2918	1	-5.57000:144	24388.37942
2919	2	+4.55000:1,+2010.26:53	18458.84756
2920	1	+32.0000:1	20609.20193
2921	2	-27.1500:1,+2009.39:114	21586.98072
2922	2	+42.1300:1,-13.7800:186	20184.98991
2923	2	-19103.6:16,+30.3600:218	5848.1781
2924	1	+9951.48:13	30451.99603
2925	2	+29.1200:1,+5436.88:57	24386.34102
2926	1	-8.40000:1	16754.77592
2927	2	-3156.07:27,+7.53000:90	8945.59928
2928	2	-785.580:150,+24.7000:185	20993.63574
2929	1	+990.610:1	24388.2181
2930	1	-30.1300:1	25850.81022
2931	2	+41.7300:1,+51.4100:120	24384.32361
2932	2	-17752.8:44,+13.3400:366	24263.15018
2933	1	-2644.92:162	24385.62174
2934	1	+21.1600:105	24388.28867
2935	1	-4.95000:1	19874.7768
2936	2	+42.1300:1,+46.3900:81	11730.34617
2937	1	+3495.46:1	27052.15764
2938	1	-20416.8:150	24383.12254
2939	0		22860.90803
2940	1	-22.8900:200	26405.19023
2941	1	-1.08000:1	20340.08385
2942	1	-11.0200:25	25274.8921
2943	2	-21935.1:7,-43.5600:362	21886.34431
2944	2	Acetyl:1,+1391.06:118	22484.54744
2945	2	-15230.1:35,AlkSulf2:337	24388.34899
2946	1	-29.5000:26	14045.46991
2947	1	+17.0600:1	27178.25325
2948	2	-60.7700:1,+54.7800:68	14295.7804
2949	2	-6732.64:8,+49.6000:177	14681.79217
2950	1	-39.4800:34	8098.57422
2951	1	+28.2900:55	8098.49771
2952	1	-8003.11:162	24389.52496
2953	1	-38.8200:1	8281.59634
2954	2	+557.840:12,-13.5000:97	12312.3994
2955	1	-17873.7:10	12195.00546
2956	1	Acetyl:1	19781.15143
2957	1	+1066.58:118	24464.1881
2958	1	-4453.75:119	18943.8581
2959	1	-14906.6:71	20729.77019
2960	1	-21939.9:11	23644.99721
2961	1	+1095.59:1	24493.1981
2962	1	-24.5700:1	19052.02095
2963	2	+42.0900:1,-44.7100:39	6367.51901
2964	1	+5614.15:11	25720.99908
2965	1	-3.52000:1	13000.339
2966	2	+17.3400:1,-6.35000:52	5031.95049
2967	1	-2684.40:78	17947.96725
2968	1	-27117.4:61	16100.64568
2969	1	-4853.86:170	25405.28163
2970	1	-2.96000:1	23394.6481
2971	1	+19.2700:59	23416.8781
2972	1	+10.2600:140	24261.24116
2973	1	-11558.7:88	31358.93587
2974	1	-6063.07:114	18200.90537
2975	1	+86.4400:128	23201.95725
2976	1	-0.79000:1	23396.8181
2977	2	Acetyl:1,-576.110:105	22376.29806
2978	1	-28.2200:1	4877.24384
2979	1	+10.5400:1	24260.01104
2980	1	-50.1100:1	17356.45727
2981	1	-0.82000:1	23555.87764
2982	1	+156.160:1	23553.7681
2983	1	-0.85000:1	24263.12537
2984	1	+1.21000:1	23398.8181
2985	1	-2201.00:95	24388.00618
2986	1	+38.8800:169	24388.34536
2987	1	Acetyl:1	32027.13981
2988	1	-1467.75:59	21929.8581
2989	1	Acetyl:1	23392.81996
2990	0		23554.35398
2991	1	-43.3300:28	8086.70684
2992	1	-63.4800:1	12194.68549
2993	1	+911.540:97	23393.77252
2994	1	-42.3500:1	22613.94657
2995	1	-17.8500:158	24389.3789
2996	1	C12-C13:40	23555.69764
2997	1	-22.3700:1	24389.64402
2998	1	+1091.79:1	24489.3981
2999	1	+1595.53:1	24993.1381
3000	1	+7.71000:197	23398.68516
3001	1	+17.0500:1	24391.02663
3002	2	-5194.44:13,-35.0400:87	5154.3919
3003	1	-6903.36:18	24387.44366
3004	1	+4.59000:152	27676.55128
3005	1	+50.7900:280	31017.69037
3006	1	+125.360:1	24389.33537
3007	1	+44.3100:148	24388.37778
3008	1	+0.54000:1	36018.5187
3009	1	+740.420:1	24297.11764
3010	2	+42.1400:1,+20.2300:137	23551.83011
3011	2	-13961.5:39,-35.2400:230	7797.25977
3012	1	-31.0500:1	23551.00568
3013	0		24368.97248
3014	1	+41.1600:39	10465.48463
3015	1	+4.26000:47	27287.80419
3016	2	-6298.03:105,+22.8400:184	23394.75363
3017	2	-11355.4:56,+59.2600:169	8644.69917
3018	1	-10059.5:12	19364.999
3019	1	-39.8300:124	24391.17186
3020	2	Acetyl:1,-15.4300:54	8321.37821
3021	2	-30883.8:34,-24.8200:366	12418.51388
3022	1	+3.09000:200	24352.39274
3023	1	+37.5200:1	17584.36771
3024	1	-41.8100:1	15639.01539
3025	2	-4.27000:1,+25.6400:40	4556.54282
3026	1	+27.0400:1	24385.99897
3027	2	+14060.1:40,-25.7500:87	24261.32032
3028	1	+47.2700:180	20619.68122
3029	2	+17.3200:1,+21318.0:12	24387.91151
3030	1	+50.4700:1	24263.43392
3031	1	+11.0700:185	24389.40789
