Unique_Seq_ID	Cleavage_State	Terminus_State	Protein_Name	Protein_Expectation_Value_Log(e)	Protein_Intensity_Log(I)
1	2	0	SO_2916		
2	2	0	SO_0770		
3	2	0	SO_2345		
4	2	0	SO_1779		
5	2	0	SO_2907		
6	2	0	SO_2427		
7	2	0	SO_2907		
8	2	0	SO_3471		
9	2	0	SO_2907		
10	2	0	SO_A0161		
11	2	0	SO_0021		
12	2	0	SO_0932		
13	2	0	SO_3441		
14	2	0	SO_1126		
15	2	0	SO_4749		
16	2	0	SO_0842		
17	2	0	SO_1538		
18	2	0	SO_0704		
19	2	0	SO_0162		
20	2	0	SO_1095		
21	2	1	SO_2402		
22	2	0	SO_3072		
23	2	0	SO_2427		
24	2	0	SO_1551		
25	2	0	SO_3340		
26	2	0	SO_2340		
27	2	0	SO_2787		
28	2	0	SO_3144		
29	2	0	SO_0224		
30	2	0	SO_2336		
31	2	0	SO_0840		
32	2	0	SO_0247		
33	2	0	SO_0435		
34	2	0	SO_1103		
35	2	0	SO_3144		
36	2	1	SO_2476		
37	2	0	SO_2427		
38	2	0	SO_0987		
39	2	0	SO_0929		
40	2	0	SO_0432		
41	2	0	SO_2907		
42	2	0	SO_3238		
42	2	0	SO_3237		
43	2	0	SO_4538		
44	2	0	SO_3942		
45	2	0	SO_0862		
46	2	0	SO_2583		
47	2	0	SO_2222		
48	2	0	SO_2222		
49	2	0	SO_2593		
50	2	0	SO_4105		
51	2	0	SO_0432		
52	2	0	SO_2427		
53	2	0	SO_0224		
54	2	0	SO_0225		
55	2	0	SO_1637		
56	2	0	SO_3740		
57	2	0	SO_0432		
58	2	0	SO_2279		
59	2	0	SO_0704		
60	2	0	SO_2638		
61	2	0	SO_3471		
62	2	0	SO_4055		
63	2	0	SO_2907		
64	2	0	SO_0432		
65	2	0	SO_3800		
66	2	0	SO_1892		
67	2	0	SO_0929		
68	2	0	SO_2907		
69	2	0	SO_4747		
70	2	0	SO_2062		
71	2	0	SO_1778		
72	2	0	SO_3842		
73	2	0	SO_2427		
74	2	0	SO_2903		
75	2	0	SO_2769		
76	2	0	SO_0770		
77	2	0	SO_0344		
78	2	0	SO_3202		
79	2	0	SO_4105		
80	2	0	SO_0840		
81	2	0	SO_0429		
82	2	0	SO_0224		
83	2	0	SO_2341		
84	2	0	SO_3545		
85	2	0	SO_0224		
86	2	0	SO_0770		
87	2	0	SO_1825		
88	2	0	SO_0704		
89	2	0	SO_0770		
90	2	0	SO_0220		
91	2	0	SO_3142		
92	2	0	SO_0246		
93	2	0	SO_2427		
94	2	0	SO_3733		
95	2	1	SO_2402		
96	2	0	SO_2402		
97	2	0	SO_1095		
98	2	0	SO_2629		
99	2	0	SO_2491		
100	2	0	SO_3287		
101	2	0	SO_1209		
102	2	0	SO_2747		
103	2	0	SO_0405		
104	2	0	SO_1209		
105	2	0	SO_3545		
106	2	0	SO_3471		
107	2	0	SO_0406		
108	2	0	SO_0425		
109	2	0	SO_1142		
110	2	0	SO_2427		
111	2	0	SO_0405		
112	2	0	SO_1825		
113	2	0	SO_0818		
114	2	0	SO_1126		
115	2	0	SO_0232		
116	2	0	SO_0217		
116	2	0	SO_0229		
117	2	0	SO_3942		
118	2	0	SO_2791		
119	2	0	SO_2112		
120	2	0	SO_0278		
121	2	0	SO_2016		
122	2	0	SO_0429		
123	2	0	SO_0276		
124	2	0	SO_2796		
125	2	0	SO_3986		
126	2	0	SO_3560		
127	2	0	SO_2300		
128	2	0	SO_0970		
129	2	0	SO_0052		
130	2	0	SO_1825		
131	2	0	SO_1327		
132	2	0	SO_1325		
133	2	0	SO_3988		
134	2	0	SO_0933		
135	2	0	SO_0429		
136	2	0	SO_2907		
137	2	0	SO_2274		
138	2	1	SO_0021		
139	2	0	SO_1930		
140	2	0	SO_0009		
141	2	0	SO_2477		
142	2	0	SO_2907		
143	2	0	SO_3112		
144	2	0	SO_1824		
145	2	0	SO_0756		
146	2	0	SO_4749		
147	2	0	SO_0224		
148	2	0	SO_4365		
149	2	0	SO_2222		
150	2	0	SO_4054		
151	2	0	SO_3741		
152	2	0	SO_1174		
153	2	0	SO_0223		
154	2	0	SO_0432		
155	2	0	SO_2406		
156	2	1	SO_1931		
157	2	0	SO_3545		
158	2	0	SO_2427		
159	2	0	SO_2907		
160	2	0	SO_2477		
161	2	0	SO_3741		
162	2	0	SO_1126		
163	2	0	SO_1931		
164	2	0	SO_0232		
165	2	0	SO_2427		
166	2	0	SO_1204		
167	2	0	SO_0818		
168	2	0	SO_2350		
169	2	0	SO_3942		
170	2	0	SO_3190		
171	2	0	SO_1825		
172	2	0	SO_2907		
173	2	0	SO_0224		
174	2	0	SO_0225		
175	2	0	SO_0691		
176	2	0	SO_0432		
177	2	0	SO_3930		
178	2	0	SO_0970		
179	2	0	SO_2427		
180	2	0	SO_0432		
181	2	0	SO_0275		
182	2	0	SO_2350		
183	2	0	SO_1490		
184	2	0	SO_0704		
185	2	0	SO_1150		
186	2	0	SO_3988		
187	2	0	SO_0783		
188	2	0	SO_2477		
189	2	0	SO_0246		
190	2	0	SO_1126		
191	2	0	SO_2907		
192	2	0	SO_0426		
193	2	0	SO_2427		
194	2	0	SO_2361		
195	2	0	SO_3888		
196	2	0	SO_0426		
197	2	0	SO_0842		
198	2	0	SO_0238		
199	2	0	SO_1932		
200	2	0	SO_2596		
201	2	0	SO_0221		
202	2	0	SO_1931		
203	2	0	SO_4410		
204	2	0	SO_1824		
205	2	0	SO_3238		
205	2	0	SO_3237		
206	2	0	SO_2264		
207	2	0	SO_1357		
208	2	0	SO_0704		
209	2	0	SO_1793		
210	2	1	SO_2903		
211	2	0	SO_2018		
212	2	0	SO_0429		
213	2	0	SO_1824		
214	2	0	SO_4365		
215	2	0	SO_2776		
216	2	0	SO_1174		
217	2	0	SO_3072		
218	2	0	SO_3546		
219	2	0	SO_3765		
220	2	0	SO_1897		
221	2	0	SO_0842		
222	2	0	SO_0970		
223	2	0	SO_0704		
224	2	0	SO_2087		
225	2	0	SO_2907		
226	2	0	SO_3539		
227	2	0	SO_3532		
228	1	0	SO_1824		
229	2	0	SO_0229		
229	2	0	SO_0217		
230	2	0	SO_0358		
231	2	0	SO_2021		
232	2	0	SO_0231		
233	2	0	SO_0769		
234	2	0	SO_A0161		
235	2	0	SO_2410		
236	2	0	SO_1932		
237	2	1	SO_1221		
238	2	0	SO_2016		
239	2	0	SO_3293		
240	2	0	SO_2907		
241	2	0	SO_2404		
242	2	1	SO_1139		
243	2	0	SO_1778		
244	2	0	SO_2350		
245	2	0	SO_3842		
246	2	0	SO_0229		
246	2	0	SO_0217		
247	2	0	SO_1217		
248	2	0	SO_2780		
249	2	0	SO_1829		
250	2	0	SO_0432		
251	2	0	SO_2427		
252	2	0	SO_0611		
253	2	0	SO_1894		
254	2	0	SO_1678		
255	2	0	SO_1551		
256	2	0	SO_2401		
257	2	0	SO_0229		
257	2	0	SO_0217		
258	2	0	SO_3189		
259	2	0	SO_0933		
260	2	0	SO_2486		
261	2	0	SO_0432		
262	2	0	SO_0242		
263	2	0	SO_0228		
264	2	0	SO_4316		
265	2	0	SO_0232		
266	2	0	SO_2934		
267	2	0	SO_2254		
268	2	0	SO_0554		
269	2	0	SO_4236		
270	2	0	SO_0234		
271	2	0	SO_0432		
272	2	0	SO_2636		
273	2	0	SO_1824		
274	2	0	SO_1139		
275	2	0	SO_3420		
276	2	0	SO_1164		
277	2	0	SO_3681		
278	2	0	SO_3942		
279	2	0	SO_1271		
280	2	0	SO_2625		
281	2	0	SO_1691		
282	2	0	SO_3101		
283	2	0	SO_0237		
284	2	0	SO_0245		
285	2	0	SO_1207		
286	2	0	SO_1095		
287	2	0	SO_0162		
288	2	0	SO_0229		
288	2	0	SO_0217		
289	2	0	SO_0704		
290	2	0	SO_4133		
291	2	0	SO_0818		
292	2	0	SO_3988		
293	2	0	SO_2347		
294	2	0	SO_0222		
295	2	0	SO_3070		
296	2	0	SO_1824		
297	2	0	SO_0014		
298	2	0	SO_3546		
299	2	0	SO_2491		
300	2	0	SO_0704		
301	2	0	SO_4410		
302	2	0	SO_3237		
303	1	0	SO_2402		
304	2	1	SO_3927		
305	2	0	SO_0842		
306	2	0	SO_2474		
307	2	0	SO_0254		
308	2	0	SO_1065		
309	2	0	SO_3440		
310	2	0	SO_2328		
311	2	0	SO_0405		
312	2	0	SO_0256		
313	2	0	SO_0239		
314	2	0	SO_0840		
315	2	0	SO_0432		
316	2	0	SO_0014		
317	2	0	SO_0842		
318	2	0	SO_3733		
319	2	0	SO_1204		
320	2	0	SO_3146		
321	2	0	SO_0237		
322	2	0	SO_2222		
323	2	0	SO_0162		
324	2	0	SO_4749		
325	2	0	SO_3896		
326	2	0	SO_0227		
327	2	0	SO_2787		
328	2	0	SO_4747		
329	2	0	SO_2085		
330	2	0	SO_4699		
331	2	0	SO_3664		
332	2	0	SO_1197		
333	2	0	SO_3904		
334	2	2	SO_2363		
335	2	0	SO_4480		
336	2	0	SO_1824		
337	1	0	SO_1824		
338	2	0	SO_1521		
339	2	0	SO_1808		
340	2	0	SO_1931		
341	2	0	SO_1825		
342	2	0	SO_0703		
343	2	0	SO_0840		
344	2	0	SO_2638		
345	2	0	SO_2860		
346	2	0	SO_3024		
347	2	0	SO_2236		
348	2	0	SO_2402		
349	2	0	SO_2427		
350	2	0	SO_4321		
351	2	0	SO_1142		
352	2	1	SO_1682		
353	2	0	SO_1126		
354	2	0	SO_0248		
355	2	0	SO_1755		
356	2	0	SO_0781		
357	2	0	SO_0426		
358	1	0	SO_2787		
359	2	0	SO_2907		
360	2	0	SO_2629		
361	2	0	SO_0239		
362	2	0	SO_0429		
363	2	0	SO_3765		
364	2	0	SO_0429		
365	2	0	SO_0097		
366	2	0	SO_1126		
367	2	0	SO_0842		
368	1	0	SO_0224		
369	2	0	SO_4747		
370	2	0	SO_3896		
371	2	0	SO_1932		
372	2	0	SO_3145		
373	2	0	SO_1825		
374	2	0	SO_2760		
375	2	0	SO_2934		
376	2	0	SO_2882		
377	2	0	SO_1630		
378	2	0	SO_0970		
379	2	0	SO_1300		
380	2	0	SO_0426		
381	2	0	SO_0425		
382	2	0	SO_0426		
383	2	0	SO_1926		
384	2	0	SO_0432		
385	2	0	SO_2762		
386	2	0	SO_1928		
387	2	0	SO_0842		
388	2	0	SO_2483		
389	2	0	SO_A0100		
390	2	0	SO_3052		
391	2	0	SO_0970		
392	2	2	SO_3545		
393	2	0	SO_2401		
394	2	0	SO_3238		
394	2	0	SO_3237		
395	2	0	SO_3545		
396	2	0	SO_4349		
397	2	0	SO_0862		
398	2	0	SO_3743		
399	2	0	SO_1204		
400	2	0	SO_3855		
401	2	0	SO_4320		
402	2	0	SO_3310		
403	2	0	SO_0704		
404	2	0	SO_3904		
405	2	0	SO_3942		
406	2	2	SO_3539		
407	2	0	SO_4211		
408	2	0	SO_3740		
409	2	0	SO_2507		
410	2	0	SO_0233		
411	2	0	SO_4320		
412	2	0	SO_2629		
413	2	0	SO_0236		
414	2	0	SO_0932		
415	2	0	SO_3467		
416	2	0	SO_0242		
417	2	0	SO_0608		
418	2	0	SO_4211		
419	2	0	SO_2644		
420	2	0	SO_1779		
421	2	0	SO_4133		
422	2	1	SO_2912		
423	2	0	SO_1891		
424	2	0	SO_0992		
425	2	0	SO_2402		
426	2	0	SO_1221		
427	2	0	SO_1300		
428	2	0	SO_1828		
429	2	0	SO_2016		
430	2	0	SO_1933		
431	2	0	SO_0294		
432	2	0	SO_2903		
433	2	0	SO_1095		
434	2	0	SO_3466		
435	2	0	SO_2491		
436	2	0	SO_1204		
437	2	0	SO_2907		
438	2	0	SO_0360		
439	2	0	SO_4699		
440	2	0	SO_1807		
441	2	0	SO_0255		
442	2	0	SO_2085		
443	2	0	SO_2074		
444	2	0	SO_0624		
445	2	0	SO_4747		
446	2	0	SO_3844		
447	2	0	SO_1060		
448	2	0	SO_1278		
449	2	0	SO_3986		
450	2	0	SO_2785		
451	2	0	SO_4749		
452	2	0	SO_2016		
453	2	0	SO_0429		
454	2	0	SO_3305		
455	2	0	SO_1931		
456	2	0	SO_3904		
457	2	0	SO_1490		
458	2	0	SO_0432		
459	2	0	SO_3844		
460	2	0	SO_1490		
461	2	0	SO_1484		
462	2	0	SO_2903		
463	2	0	SO_2606		
464	2	1	SO_A0059		
465	1	0	SO_2787		
466	2	0	SO_0970		
467	2	0	SO_0789		
468	2	0	SO_4105		
469	2	0	SO_0255		
470	2	0	SO_0245		
471	2	0	SO_3837		
472	1	0	SO_3942		
473	2	0	SO_4751		
474	2	0	SO_1750		
475	2	0	SO_4410		
476	2	0	SO_2427		
477	2	0	SO_1629		
478	2	0	SO_0432		
479	2	0	SO_0930		
480	2	0	SO_1065		
481	2	0	SO_3145		
482	2	0	SO_0617		
483	2	0	SO_1779		
484	2	0	SO_1800		
485	2	0	SO_1656		
486	2	0	SO_2907		
487	2	0	SO_0704		
488	2	0	SO_0624		
489	2	0	SO_2907		
490	2	0	SO_2427		
491	2	0	SO_1793		
492	2	0	SO_0224		
493	2	0	SO_3927		
494	2	0	SO_1270		
495	2	0	SO_2570		
496	2	0	SO_3765		
497	2	0	SO_4538		
498	2	0	SO_0617		
499	2	0	SO_0220		
500	2	0	SO_2477		
501	2	0	SO_0238		
502	2	0	SO_0234		
503	2	0	SO_3560		
504	2	0	SO_0865		
505	2	0	SO_3130		
506	2	0	SO_1051		
507	2	0	SO_1209		
508	2	0	SO_1629		
509	2	0	SO_1793		
510	2	0	SO_1625		
511	2	0	SO_1676		
512	2	0	SO_3560		
513	2	0	SO_0225		
514	2	0	SO_1931		
515	2	1	SO_0052		
516	2	0	SO_1126		
517	2	0	SO_2644		
518	2	0	SO_3287		
519	2	0	SO_2427		
520	2	0	SO_3070		
521	2	0	SO_1209		
522	2	0	SO_0340		
523	1	0	SO_2787		
524	2	0	SO_4211		
525	2	0	SO_0220		
526	2	0	SO_1794		
527	2	0	SO_0229		
527	2	0	SO_0217		
528	2	0	SO_3072		
529	2	0	SO_0704		
530	2	0	SO_0704		
531	2	0	SO_4652		
532	2	0	SO_2903		
533	2	0	SO_0704		
534	2	0	SO_0770		
535	2	0	SO_4652		
536	2	0	SO_3466		
537	2	0	SO_0818		
538	2	0	SO_1952		
539	1	0	SO_0254		
540	2	0	SO_2629		
541	2	0	SO_2768		
542	2	0	SO_2907		
543	2	0	SO_2347		
544	2	1	SO_2406		
545	2	0	SO_1808		
546	2	0	SO_3837		
547	2	0	SO_1521		
548	2	0	SO_1807		
549	2	0	SO_4235		
550	2	0	SO_0862		
551	2	0	SO_1825		
552	2	0	SO_3740		
553	2	0	SO_3471		
554	2	0	SO_3072		
555	2	0	SO_0426		
556	2	0	SO_4215		
557	2	0	SO_2644		
558	2	1	SO_0256		
559	2	0	Contaminant_TRYP_BOVIN		
560	2	0	SO_0424		
561	2	0	SO_0424		
562	2	0	SO_0250		
563	2	0	SO_4653		
564	2	0	SO_0286		
565	2	0	SO_0930		
566	2	0	SO_2907		
567	2	0	SO_2577		
568	2	0	SO_0221		
569	2	0	SO_2303		
570	2	0	SO_0704		
571	0	2	SO_2644		
572	2	0	SO_0225		
573	2	0	SO_0432		
574	2	0	SO_2903		
575	2	0	SO_0225		
576	2	0	SO_2274		
577	2	0	SO_2345		
578	2	0	SO_0004		
579	2	0	SO_1827		
580	2	0	SO_4235		
581	2	0	SO_0237		
582	2	0	SO_0248		
583	2	0	SO_3988		
584	2	0	SO_0429		
585	2	0	SO_3942		
586	2	0	SO_4055		
587	2	0	SO_0244		
588	2	0	SO_1825		
589	2	0	SO_2402		
590	2	0	SO_0245		
591	2	0	SO_2593		
592	2	0	SO_0230		
593	2	0	SO_0225		
594	2	0	SO_0435		
595	2	0	SO_3733		
596	2	0	SO_2018		
597	2	0	SO_3417		
598	2	0	SO_0234		
599	2	0	SO_0874		
600	2	0	SO_1629		
601	2	0	SO_3930		
602	2	0	SO_2644		
603	2	0	SO_1126		
604	2	0	SO_1891		
605	2	0	SO_4123		
606	1	0	SO_0229		
606	1	0	SO_0217		
607	2	0	SO_1095		
608	2	0	SO_0243		
609	2	0	SO_0225		
610	2	0	SO_2787		
611	2	0	SO_0248		
612	2	0	SO_1677		
613	2	0	SO_3927		
614	2	0	SO_3988		
615	2	0	SO_1270		
616	2	0	SO_0618		
617	2	0	SO_4349		
618	2	0	SO_0933		
619	2	0	SO_0554		
620	2	0	SO_3517		
621	2	0	SO_3904		
622	2	0	SO_1490		
623	2	0	SO_3471		
624	2	0	SO_0781		
625	2	0	SO_2596		
626	2	0	SO_0506		
627	2	0	SO_3740		
628	2	0	SO_1930		
629	2	0	SO_0225		
630	2	0	SO_3681		
631	2	0	SO_0298		
632	2	0	SO_2638		
633	2	0	SO_3440		
634	2	0	SO_3146		
635	2	2	SO_2018		
636	2	0	SO_0246		
637	2	0	SO_3951		
638	2	0	SO_1638		
639	2	0	SO_2402		
640	2	0	SO_2427		
641	2	0	SO_3142		
642	2	0	SO_2644		
643	2	0	SO_2355		
644	2	0	SO_3325		
645	2	0	SO_1267		
646	2	0	SO_1551		
647	2	0	SO_0770		
648	2	0	SO_3940		
649	2	0	SO_3064		
650	2	0	SO_0232		
651	2	0	SO_0225		
652	1	0	SO_0239		
653	2	1	SO_2340		
654	2	0	SO_3430		
655	2	0	SO_0225		
656	2	0	SO_1065		
657	2	0	SO_0185		
658	2	0	SO_4749		
659	2	1	SO_4749		
660	2	0	SO_2278		
661	2	1	SO_1551		
662	2	0	SO_1521		
663	2	0	SO_4747		
664	2	0	SO_3238		
665	2	0	SO_3293		
666	2	1	SO_3237		
667	2	0	SO_3209		
668	2	1	SO_0932		
669	1	0	SO_0929		
670	2	0	Contaminant_TRYP_BOVIN		
671	2	0	SO_1164		
672	1	0	SO_3545		
673	2	0	SO_3765		
674	2	0	SO_4652		
675	2	0	SO_0930		
676	2	0	SO_2361		
677	2	0	SO_1518		
678	2	0	SO_0014		
679	2	0	SO_1150		
680	2	0	SO_3222		
681	2	0	SO_1933		
682	2	0	SO_1797		
683	2	0	SO_0225		
684	2	0	SO_1360		
685	2	0	SO_0932		
686	2	1	SO_3985		
687	2	0	SO_2912		
688	2	0	SO_1825		
689	2	0	SO_2743		
690	2	0	SO_3471		
691	2	0	SO_4747		
692	2	0	SO_0248		
693	2	0	SO_0432		
694	2	0	SO_1825		
695	2	0	SO_0221		
696	2	0	SO_3146		
697	2	0	SO_3440		
698	2	0	SO_2087		
699	2	0	SO_1825		
700	2	0	SO_0241		
701	2	0	SO_2756		
702	2	0	SO_3057		
703	2	2	SO_2759		
704	2	0	SO_3546		
705	2	0	SO_2775		
706	2	0	SO_0274		
707	2	0	SO_1879		
708	2	0	SO_1142		
709	2	0	SO_4349		
710	2	0	SO_2745		
711	2	0	SO_0237		
712	2	0	SO_0842		
713	2	0	SO_2743		
714	2	0	SO_2768		
715	2	0	SO_0278		
716	2	0	SO_4748		
717	2	0	SO_0232		
718	2	0	SO_0432		
719	2	0	SO_0592		
720	2	0	SO_1325		
721	2	0	SO_0704		
722	2	0	SO_A0112		
723	2	0	SO_0230		
724	2	0	SO_4190		
725	2	0	SO_2433		
726	2	0	SO_4747		
727	2	0	SO_2907		
728	2	0	SO_0704		
729	2	0	SO_1335		
730	2	0	SO_1778		
731	2	0	SO_3545		
732	2	0	SO_2001		
733	2	0	SO_3577		
734	2	0	SO_3207		
735	2	0	SO_0237		
736	2	0	SO_4666		
737	2	0	SO_0432		
738	2	0	SO_0237		
739	2	0	SO_A0114		
740	2	0	SO_2073		
741	2	0	SO_1126		
742	2	0	SO_0256		
743	2	0	SO_3090		
744	2	0	SO_0279		
745	2	0	SO_1824		
746	2	0	SO_3440		
747	2	0	SO_3948		
748	2	0	SO_3323		
749	2	0	SO_0227		
750	2	0	SO_0842		
751	2	0	SO_2401		
752	2	1	SO_4480		
753	2	0	SO_3741		
754	2	0	SO_1150		
755	2	0	SO_3815		
756	2	0	SO_2912		
757	2	0	SO_0429		
758	2	0	SO_4349		
759	2	0	SO_0770		
760	2	0	SO_0429		
761	2	0	SO_0229		
761	2	0	SO_0217		
762	2	0	SO_0264		
763	2	0	SO_4236		
764	2	0	SO_3471		
765	2	0	SO_0344		
766	2	0	SO_2476		
767	2	0	SO_1670		
768	2	0	SO_0224		
769	2	0	SO_3991		
770	2	0	SO_0250		
771	1	0	SO_A0059		
772	2	0	SO_3287		
773	2	0	SO_4028		
774	2	0	SO_0225		
775	2	0	SO_3154		
776	2	0	SO_0770		
777	2	0	SO_1825		
778	2	0	SO_2593		
779	2	0	SO_0224		
780	2	0	SO_0243		
781	2	0	SO_0405		
782	2	0	SO_3440		
783	2	0	SO_1209		
784	2	0	SO_2907		
785	2	0	SO_4320		
786	2	0	SO_2350		
787	2	0	SO_3942		
788	2	0	SO_2743		
789	2	0	SO_0243		
790	2	0	SO_3440		
791	2	2	SO_2018		
792	2	0	SO_4349		
793	2	0	SO_0237		
794	2	0	SO_2929		
795	2	0	SO_3927		
796	2	0	SO_0603		
797	2	0	SO_0225		
798	2	0	SO_0930		
799	2	0	SO_3343		
800	2	0	SO_4349		
801	1	0	SO_1824		
802	2	0	SO_4538		
803	2	0	SO_0217		
803	2	0	SO_0229		
804	2	0	SO_2882		
805	2	0	SO_4384		
806	2	0	SO_4747		
807	2	0	SO_0770		
808	2	2	SO_1827		
809	2	0	SO_0818		
810	2	0	SO_3413		
811	2	0	SO_3652		
812	2	0	SO_2074		
813	2	0	SO_2402		
814	2	0	SO_2621		
815	2	0	SO_3546		
816	2	0	SO_3582		
817	2	0	SO_2903		
818	2	0	SO_4410		
819	2	0	SO_2427		
820	2	0	SO_0248		
821	2	0	SO_0429		
822	2	0	SO_0795		
823	2	0	SO_0424		
824	2	0	SO_0256		
825	1	0	SO_3545		
826	2	0	SO_1682		
827	1	0	SO_2907		
828	2	0	SO_3207		
829	2	0	SO_1797		
830	2	0	SO_1797		
831	2	0	SO_3602		
832	2	0	SO_2916		
833	2	0	SO_0876		
834	2	0	SO_1824		
835	2	0	SO_2785		
836	2	0	SO_0224		
837	2	0	SO_3888		
838	2	0	SO_2427		
839	2	0	SO_3257		
840	2	0	SO_3772		
841	2	0	SO_2304		
842	2	0	SO_2907		
843	2	0	SO_3594		
844	2	0	SO_0703		
845	2	0	SO_2746		
846	2	0	SO_0221		
847	2	0	SO_1827		
848	2	0	SO_0704		
849	2	0	SO_0250		
850	2	0	SO_2893		
851	2	0	SO_0970		
852	2	0	SO_3582		
853	2	0	SO_1095		
854	2	0	SO_4428		
855	2	0	SO_0432		
856	2	0	SO_1284		
857	2	1	SO_4674		
858	2	0	SO_0968		
859	2	0	SO_0221		
860	2	0	SO_3800		
861	2	0	SO_0617		
862	2	0	SO_4349		
863	2	0	SO_1164		
864	2	0	SO_2491		
865	2	0	SO_1827		
866	2	0	SO_2629		
867	2	0	SO_2907		
868	2	0	SO_2074		
869	2	0	SO_3559		
870	2	0	SO_4748		
871	2	0	SO_1521		
872	2	0	SO_1800		
873	2	0	SO_2345		
874	2	0	SO_1630		
875	2	0	SO_2222		
876	2	0	SO_4428		
877	2	0	SO_2644		
878	2	2	SO_1476		
879	2	0	SO_4215		
880	2	0	SO_3420		
881	2	0	SO_1221		
882	2	0	SO_0932		
883	2	0	SO_3930		
884	2	0	SO_4749		
885	2	0	SO_3727		
886	2	0	SO_A0112		
886	2	0	SO_A0110		
887	2	0	SO_3988		
888	2	0	SO_4128		
889	2	0	SO_4349		
890	2	0	SO_1295		
891	2	0	SO_1829		
892	2	0	SO_0224		
893	2	0	SO_2907		
894	1	0	SO_3686		
895	2	0	SO_3927		
896	2	0	SO_0333		
897	2	0	SO_2402		
898	2	0	SO_0265		
899	2	0	SO_2478		
900	2	0	SO_1518		
901	2	0	SO_0333		
902	2	0	SO_1793		
903	2	0	SO_1825		
904	1	0	SO_3904		
905	2	0	SO_3428		
906	2	0	SO_0256		
907	2	0	SO_2427		
908	1	0	SO_0970		
909	2	0	SO_3800		
910	2	0	SO_0049		
911	2	0	SO_2903		
912	2	0	SO_4702		
913	2	0	SO_1103		
914	2	0	SO_1824		
915	2	1	SO_2756		
916	2	0	SO_1065		
917	2	0	SO_3800		
918	2	0	SO_2912		
919	2	0	SO_4349		
920	2	0	SO_1551		
921	2	0	SO_2912		
922	2	0	SO_2001		
923	2	0	SO_2340		
924	2	0	SO_0932		
925	2	0	SO_1112		
926	2	0	SO_0605		
927	2	0	SO_1209		
928	2	0	SO_0256		
929	2	0	SO_0221		
930	2	0	SO_0842		
931	2	0	SO_4674		
932	2	0	SO_1825		
933	2	0	SO_2756		
934	2	0	SO_1926		
935	2	0	SO_1276		
936	2	0	SO_3681		
937	2	0	SO_0014		
938	2	0	SO_0970		
939	2	0	SO_A0112		
939	2	0	SO_A0110		
940	2	0	SO_3940		
941	2	0	SO_0425		
942	2	0	SO_3800		
943	2	0	SO_2330		
944	2	0	SO_1926		
945	2	0	SO_1204		
946	2	0	SO_1521		
947	2	0	SO_2593		
948	2	0	SO_0432		
949	2	0	SO_1551		
950	2	0	SO_3988		
951	2	0	SO_1926		
952	2	1	SO_3939		
953	2	0	SO_2411		
954	2	0	SO_0253		
955	2	0	SO_2347		
956	2	0	SO_0762		
957	2	0	SO_1931		
958	2	0	SO_1126		
959	2	0	SO_2427		
960	2	0	SO_1126		
961	2	0	SO_0229		
961	2	0	SO_0217		
962	2	0	SO_4669		
963	2	0	SO_0237		
964	2	0	SO_3651		
965	2	0	SO_2339		
966	2	0	SO_0228		
967	2	0	SO_2824		
968	2	0	SO_3252		
969	2	0	SO_0704		
970	2	0	SO_3409		
971	2	1	SO_0294		
972	2	0	SO_2751		
973	2	0	SO_0404		
974	2	0	SO_4106		
975	2	0	SO_1794		
976	2	0	SO_1825		
977	2	0	SO_2336		
978	2	0	SO_2345		
979	2	0	SO_1825		
980	1	0	SO_0229		
980	1	0	SO_0217		
981	2	0	SO_2926		
982	2	1	SO_1489		
983	2	0	SO_0432		
984	2	0	SO_0783		
985	2	0	SO_2746		
986	2	0	SO_0223		
987	2	0	SO_1926		
988	2	0	SO_2592		
989	2	0	SO_4070		
990	2	0	SO_3991		
991	2	2	SO_2190		
992	2	0	SO_2483		
993	2	0	SO_1122		
994	2	0	SO_1630		
995	2	0	SO_2903		
996	2	0	SO_2402		
997	2	0	SO_0224		
998	2	0	SO_2086		
999	2	0	SO_0783		
1000	2	0	SO_4211		
1001	2	0	SO_3090		
1002	2	0	SO_0224		
1003	2	0	SO_3537		
1004	2	0	SO_0014		
1005	2	0	SO_0256		
1006	2	0	SO_0862		
1007	2	1	SO_0861		
1008	2	0	SO_2705		
1009	2	0	SO_0425		
1010	2	0	SO_0221		
1011	2	0	SO_1825		
1012	2	0	SO_0432		
1013	2	0	SO_2345		
1014	2	0	SO_0426		
1015	2	0	SO_2086		
1016	2	0	SO_3904		
1017	2	0	SO_2593		
1018	2	0	SO_1824		
1019	2	0	SO_0243		
1020	2	0	SO_2264		
1021	2	0	SO_2629		
1022	2	0	SO_0014		
1023	2	0	SO_A0114		
1024	2	0	SO_2929		
1025	2	0	SO_2328		
1026	2	0	SO_3652		
1027	2	0	SO_3740		
1028	2	0	SO_3052		
1028	2	0	SO_2240		
1029	2	0	SO_3146		
1030	2	0	SO_3546		
1031	2	0	SO_0704		
1032	2	2	SO_3811		
1033	2	0	SO_4055		
1034	2	0	SO_4480		
1035	2	0	SO_2606		
1036	2	0	SO_2177		
1037	2	0	SO_2016		
1038	2	0	SO_3070		
1039	2	0	SO_0842		
1040	2	0	SO_2476		
1041	2	0	SO_2402		
1042	2	0	SO_4652		
1043	2	0	SO_0237		
1044	2	0	SO_1209		
1045	2	0	SO_2427		
1046	2	0	SO_1117		
1047	2	0	SO_1270		
1048	2	0	SO_1315		
1049	2	0	SO_1949		
1050	2	0	SO_0842		
1051	2	0	SO_0224		
1052	2	0	SO_1142		
1053	2	0	SO_0432		
1054	2	0	SO_2427		
1055	2	0	SO_0770		
1056	2	0	SO_4056		
1057	2	0	SO_1937		
1058	2	0	SO_0655		
1059	2	0	SO_0277		
1060	1	0	SO_0970		
1061	2	0	SO_A0112		
1061	2	0	SO_A0110		
1062	2	0	SO_2279		
1063	2	0	SO_0236		
1064	2	0	SO_1204		
1065	2	0	SO_3927		
1066	2	0	SO_2593		
1067	1	0	SO_3939		
1068	2	0	SO_2073		
1069	2	0	SO_0840		
1070	2	0	SO_2398		
1071	2	0	SO_2222		
1072	2	0	SO_0227		
1073	2	0	SO_2587		
1074	2	0	SO_2406		
1075	2	0	SO_0429		
1076	2	0	SO_3154		
1077	2	0	SO_4349		
1078	2	0	SO_3986		
1079	2	0	SO_2907		
1080	2	0	SO_1060		
1081	2	0	SO_3472		
1082	2	0	SO_4749		
1083	2	0	SO_2489		
1084	2	0	SO_3403		
1085	2	0	SO_1929		
1086	2	0	SO_2903		
1087	2	0	SO_0166		
1088	2	0	SO_0624		
1089	2	0	SO_A0112		
1089	2	0	SO_A0110		
1090	2	0	SO_2882		
1091	2	0	SO_4311		
1092	2	0	SO_0333		
1093	2	0	SO_3072		
1094	2	2	SO_0243		
1095	2	0	SO_4749		
1096	2	0	SO_0248		
1097	2	0	SO_0222		
1098	2	0	SO_4480		
1099	2	0	SO_3733		
1100	2	0	SO_2787		
1101	2	0	SO_0253		
1102	2	0	SO_0255		
1103	1	0	SO_0235		
1104	2	1	SO_3466		
1105	2	0	SO_2747		
1106	2	0	SO_0276		
1107	2	0	SO_3145		
1108	1	0	SO_0842		
1109	2	0	SO_3638		
1110	2	0	SO_3343		
1111	2	0	SO_1484		
1112	2	0	SO_0862		
1113	1	0	SO_4320		
1114	2	0	SO_4748		
1115	2	0	SO_2756		
1116	2	0	SO_4055		
1117	2	0	SO_2427		
1118	2	0	SO_2477		
1119	1	0	SO_0234		
1120	2	0	SO_2903		
1121	2	2	SO_1682		
1122	2	0	SO_1929		
1123	2	0	SO_4396		
1124	2	0	SO_1142		
1125	2	0	SO_0842		
1126	2	0	SO_1204		
1127	2	0	SO_1141		
1128	2	0	SO_0842		
1129	2	0	SO_0221		
1130	2	0	SO_1538		
1131	2	0	SO_0243		
1132	2	0	SO_2433		
1133	2	0	SO_0842		
1134	2	0	SO_0874		
1135	2	0	SO_4128		
1136	2	0	SO_0229		
1136	2	0	SO_0217		
1137	2	0	SO_1926		
1138	2	0	SO_0554		
1139	2	0	SO_0930		
1140	2	0	SO_0704		
1141	2	0	SO_1268		
1142	2	0	SO_0432		
1143	2	0	SO_0224		
1144	2	0	SO_0294		
1145	2	0	SO_1926		
1146	2	0	SO_1126		
1147	2	0	SO_1825		
1148	2	0	SO_0429		
1149	2	0	SO_0239		
1150	0	2	SO_3545		
1151	2	0	SO_0842		
1152	2	0	SO_1295		
1153	2	0	SO_3546		
1154	2	0	SO_3888		
1155	2	0	SO_1175		
1156	2	0	SO_3904		
1157	2	0	SO_4699		
1158	2	0	SO_1204		
1159	2	0	SO_0456		
1160	1	0	SO_2907		
1161	2	0	SO_1360		
1162	2	0	SO_1204		
1163	2	0	SO_1829		
1164	2	0	SO_3681		
1165	2	0	SO_0217		
1165	2	0	SO_0229		
1166	2	0	SO_2907		
1167	2	0	SO_4538		
1168	2	0	SO_1824		
1169	2	0	SO_1825		
1170	2	0	SO_4055		
1171	2	0	SO_0255		
1172	2	0	SO_2404		
1173	2	0	SO_0755		
1174	2	0	SO_0221		
1175	2	0	SO_3844		
1176	2	0	SO_0970		
1177	2	0	SO_1825		
1178	2	0	SO_3545		
1179	2	0	SO_1075		
1180	2	0	SO_0818		
1181	2	0	SO_2903		
1182	2	0	SO_0169		
1183	2	2	SO_3545		
1184	2	0	SO_3664		
1185	2	0	SO_1095		
1186	2	0	SO_1327		
1187	2	0	SO_0874		
1188	1	0	SO_2907		
1189	2	0	SO_2001		
1190	2	0	SO_1075		
1191	2	0	SO_0987		
1192	2	0	SO_4105		
1193	2	0	SO_3651		
1194	1	0	SO_1793		
1195	2	0	SO_0780		
1196	2	0	SO_0770		
1197	2	2	SO_4048		
1198	2	0	SO_1295		
1199	2	0	SO_0246		
1200	2	0	SO_2490		
1201	2	0	SO_4349		
1202	2	0	SO_2907		
1203	2	0	SO_3800		
1204	1	0	SO_2427		
1205	1	0	SO_1638		
1206	2	0	SO_A0100		
1207	2	0	SO_1664		
1208	2	0	SO_3089		
1209	1	0	SO_3681		
1210	2	1	SO_3679		
1211	2	0	SO_2339		
1212	2	0	SO_0278		
1213	2	0	SO_1630		
1214	2	0	SO_3942		
1215	2	0	SO_4343		
1216	2	0	SO_3842		
1217	2	0	SO_3942		
1218	2	0	SO_A0161		
1219	2	1	SO_3940		
1220	2	0	SO_0406		
1221	2	0	SO_3740		
1222	2	0	SO_0840		
1223	2	0	SO_0138		
1224	2	0	SO_0930		
1225	2	0	SO_0840		
1226	2	0	SO_0223		
1227	2	0	SO_1797		
1228	1	0	SO_3942		
1229	2	0	SO_2768		
1230	2	0	SO_1490		
1231	2	0	SO_2492		
1232	2	0	SO_3942		
1233	2	0	SO_0084		
1234	2	0	SO_3440		
1235	2	0	SO_3293		
1236	2	0	SO_4349		
1237	2	0	SO_0704		
1238	2	0	SO_2935		
1239	2	0	SO_A0112		
1239	2	0	SO_A0110		
1240	2	1	SO_3146		
1241	2	0	SO_1794		
1242	2	0	SO_3896		
1243	2	0	SO_2604		
1244	2	0	SO_3440		
1245	2	0	SO_2427		
1246	2	0	SO_0432		
1247	2	0	SO_3233		
1248	2	0	SO_0930		
1249	2	0	SO_0704		
1250	2	0	SO_4234		
1251	2	0	SO_1926		
1252	2	0	SO_0231		
1253	2	0	SO_2339		
1254	2	0	SO_0169		
1255	2	1	SO_3988		
1256	2	0	SO_1209		
1257	2	0	SO_0704		
1258	2	0	SO_1632		
1259	2	0	SO_1524		
1260	2	0	SO_2411		
1261	2	0	SO_1315		
1262	1	0	SO_0930		
1263	2	0	SO_1790		
1264	2	0	SO_2745		
1265	2	0	SO_0254		
1266	2	0	SO_3471		
1267	2	0	SO_0831		
1268	2	0	SO_0930		
1269	2	0	SO_2201		
1270	2	0	SO_1630		
1271	2	0	SO_2218		
1272	2	0	SO_0014		
1273	2	0	SO_2907		
1274	2	0	SO_A0112		
1275	2	0	SO_0425		
1276	1	0	SO_3238		
1276	1	0	SO_3237		
1277	2	0	SO_0224		
1278	2	0	SO_4030		
1279	2	0	SO_0225		
1280	2	0	SO_3070		
1281	2	0	SO_0275		
1282	2	0	SO_4141		
1283	2	0	SO_1683		
1284	1	0	SO_2756		
1285	2	0	SO_0816		
1286	2	0	SO_0234		
1287	2	0	SO_1287		
1288	2	0	SO_0426		
1289	2	0	SO_2893		
1290	1	0	SO_2427		
1291	2	0	SO_2427		
1292	2	0	SO_4320		
1293	2	0	SO_1209		
1294	2	0	SO_3988		
1295	2	0	SO_2427		
1296	2	2	SO_4391		
1296	2	2	SO_3775		
1297	2	0	SO_0250		
1298	2	0	SO_2345		
1299	2	0	SO_2912		
1300	2	0	SO_3090		
1301	1	0	SO_2907		
1302	2	0	SO_2824		
1303	2	0	SO_0704		
1304	2	0	SO_1829		
1305	2	0	SO_0015		
1306	2	0	SO_0691		
1307	2	0	SO_0842		
1308	2	0	SO_0217		
1308	2	0	SO_0229		
1309	2	0	SO_3146		
1310	2	0	SO_1683		
1311	2	0	SO_0254		
1312	2	0	SO_0229		
1312	2	0	SO_0217		
1313	2	0	SO_3420		
1314	2	0	SO_4747		
1315	2	0	SO_0426		
1316	2	0	SO_0429		
1317	2	0	SO_4749		
1318	2	0	SO_0265		
1319	2	0	SO_1932		
1320	2	0	SO_0432		
1321	2	0	SO_1829		
1322	2	0	SO_3111		
1323	1	0	SO_3939		
1324	2	0	Contaminant_TRYP_BOVIN		
1325	2	0	SO_1824		
1326	2	0	SO_1779		
1327	2	0	SO_4586		
1328	2	0	SO_1056		
1329	2	0	SO_2903		
1330	2	0	SO_0432		
1331	2	0	SO_3188		
1332	2	0	SO_1824		
1333	1	0	SO_2787		
1334	2	0	SO_0703		
1335	2	0	SO_2427		
1336	2	1	SO_1790		
1337	2	0	SO_2903		
1338	2	0	SO_1521		
1339	2	0	SO_2915		
1340	2	0	SO_0225		
1341	2	0	SO_3740		
1342	2	0	SO_2882		
1343	2	0	SO_0225		
1344	2	0	SO_3927		
1345	2	0	SO_0756		
1346	2	0	SO_2086		
1347	2	0	SO_2566		
1348	2	0	SO_A0051		
1349	2	0	SO_4410		
1350	2	0	SO_1829		
1351	2	0	SO_0242		
1352	2	0	SO_3907		
1353	2	0	SO_1270		
1354	2	0	SO_2086		
1355	2	0	SO_4106		
1356	2	0	SO_0842		
1357	2	0	SO_0424		
1358	2	0	SO_2336		
1359	2	0	SO_3233		
1360	2	0	SO_0225		
1361	2	0	SO_2087		
1362	2	0	SO_1824		
1363	2	0	SO_0014		
1364	2	0	SO_1490		
1365	2	0	SO_0229		
1365	2	0	SO_0217		
1366	2	0	SO_1794		
1367	1	0	SO_A0059		
1368	2	0	SO_2402		
1369	2	0	SO_0432		
1370	2	0	SO_1824		
1371	2	0	SO_1315		
1372	2	0	SO_3293		
1373	2	2	SO_3343		
1374	2	0	SO_4190		
1375	2	0	SO_0840		
1376	2	0	SO_3023		
1377	2	0	SO_3467		
1378	2	0	SO_2644		
1379	2	0	SO_3417		
1380	2	0	SO_3024		
1381	2	0	SO_0987		
1382	2	2	SO_4369		
1383	2	0	SO_0050		
1384	2	0	SO_3428		
1385	2	0	SO_2602		
1386	2	2	SO_4538		
1387	2	0	SO_1221		
1388	2	0	SO_0224		
1389	2	0	SO_2001		
1390	2	0	SO_1112		
1391	2	0	SO_0407		
1392	2	0	SO_1779		
1393	2	0	SO_3939		
1394	2	0	SO_0878		
1395	2	0	SO_2279		
1396	2	0	SO_2300		
1397	2	0	SO_1778		
1398	2	0	SO_2427		
1399	2	0	SO_2907		
1400	2	0	SO_0230		
1401	2	0	SO_0234		
1402	2	0	SO_1191		
1403	2	0	SO_2487		
1404	2	0	SO_0425		
1405	2	0	SO_1680		
1406	2	0	SO_3940		
1407	2	0	SO_2248		
1408	2	0	SO_0605		
1409	2	0	SO_0930		
1410	2	0	SO_1779		
1411	2	0	SO_4211		
1412	2	0	SO_2903		
1413	2	0	SO_1295		
1414	2	0	SO_4048		
1415	1	0	SO_3238		
1415	1	0	SO_3237		
1416	2	0	SO_2751		
1417	2	0	SO_2402		
1418	2	0	SO_1932		
1419	1	0	SO_1209		
1420	2	0	SO_2912		
1421	2	0	SO_2402		
1422	2	0	SO_4509		
1423	1	0	SO_0250		
1424	2	0	SO_1807		
1425	2	0	SO_3144		
1426	2	0	SO_3837		
1427	1	0	SO_3471		
1428	1	0	SO_1932		
1429	2	0	SO_0842		
1430	2	0	SO_4236		
1431	2	1	SO_2604		
1432	2	0	SO_4758		
1433	2	0	SO_0332		
1434	2	0	SO_2406		
1435	1	0	SO_1825		
1436	2	0	SO_0217		
1436	2	0	SO_0229		
1437	2	0	SO_0238		
1438	2	0	SO_4349		
1439	2	0	SO_3293		
1440	2	0	SO_0224		
1441	2	0	SO_1779		
1442	2	0	SO_0970		
1443	2	0	SO_0989		
1444	2	0	SO_1816		
1445	2	0	SO_0230		
1446	2	0	SO_4211		
1447	2	0	SO_0970		
1448	2	0	SO_0595		
1449	2	0	SO_4681		
1450	2	0	SO_3681		
1451	2	1	SO_2476		
1452	2	0	SO_1824		
1453	2	0	SO_3090		
1454	2	0	SO_0425		
1455	2	0	SO_1825		
1456	2	0	SO_2723		
1457	2	0	SO_1933		
1458	2	0	SO_0282		
1459	2	0	SO_0224		
1460	2	0	SO_0225		
1461	2	0	SO_0220		
1462	2	1	SO_0548		
1463	2	0	SO_A0112		
1463	2	0	SO_1872		
1463	2	0	SO_A0110		
1464	2	0	SO_3363		
1465	2	0	SO_2881		
1466	2	0	SO_4055		
1467	2	0	SO_3770		
1468	2	0	SO_2747		
1469	2	0	SO_1825		
1470	2	0	SO_4749		
1471	2	0	SO_1521		
1472	2	0	SO_3904		
1473	2	0	SO_0221		
1474	2	0	SO_0842		
1475	2	0	SO_4055		
1476	2	0	SO_0548		
1477	2	1	SO_0740		
1478	2	0	SO_3420		
1479	2	0	SO_0246		
1480	2	0	SO_0222		
1481	2	0	SO_3775		
1481	2	0	SO_4391		
1482	2	0	SO_4056		
1483	2	0	SO_0605		
1484	2	0	SO_3564		
1485	2	2	SO_1824		
1486	2	2	SO_2756		
1487	2	0	SO_0224		
1488	2	0	SO_0239		
1489	2	0	SO_1522		
1490	2	0	SO_3545		
1491	2	0	SO_2644		
1492	1	0	SO_0818		
1493	2	0	SO_0242		
1494	2	0	SO_1324		
1495	2	0	SO_1676		
1496	2	0	SO_4480		
1497	2	0	SO_3440		
1498	2	0	SO_2018		
1499	2	0	SO_0230		
1500	2	0	SO_4349		
1501	2	0	SO_1065		
1502	2	0	SO_2907		
1503	2	0	SO_2882		
1504	2	0	SO_3111		
1505	2	0	SO_2743		
1506	2	0	SO_3986		
1507	2	0	SO_3986		
1508	2	0	SO_2222		
1509	2	0	SO_0424		
1510	2	0	SO_2222		
1511	2	0	SO_3130		
1512	2	0	SO_3207		
1513	2	0	SO_0222		
1514	2	0	SO_1825		
1515	2	0	SO_3559		
1516	2	0	SO_0770		
1517	2	0	SO_3154		
1518	2	0	SO_4034		
1519	2	0	SO_3070		
1520	2	0	SO_2601		
1521	2	0	SO_4112		
1522	2	0	SO_2768		
1523	2	0	SO_4615		
1524	2	0	SO_2882		
1525	2	0	SO_1931		
1526	2	0	SO_2791		
1527	2	0	SO_0166		
1528	2	0	SO_0233		
1529	2	0	SO_1798		
1530	2	0	SO_3144		
1531	2	0	SO_2222		
1532	2	0	SO_0224		
1533	2	0	SO_0224		
1534	2	0	SO_2705		
1535	2	0	SO_3560		
1536	2	0	SO_3637		
1537	2	0	SO_0256		
1538	2	0	SO_2907		
1539	2	0	SO_1126		
1540	2	0	SO_3855		
1541	2	0	SO_4365		
1542	2	0	SO_2791		
1543	1	0	SO_2759		
1544	2	0	SO_1778		
1545	2	0	SO_1538		
1546	2	0	SO_0424		
1547	2	0	SO_1203		
1548	2	0	SO_2016		
1549	2	0	SO_0406		
1550	2	0	SO_0360		
1551	2	0	SO_1369		
1552	1	0	SO_1933		
1553	2	0	SO_0298		
1554	2	1	SO_0245		
1555	2	0	SO_2912		
1556	2	0	SO_2016		
1557	2	0	SO_1639		
1558	1	0	SO_2427		
1559	2	0	SO_0225		
1560	2	0	SO_2491		
1561	2	0	SO_0756		
1562	2	0	SO_0624		
1563	1	0	SO_3545		
1564	2	0	SO_2427		
1565	2	0	SO_4538		
1566	2	0	SO_0279		
1567	2	0	SO_1101		
1568	2	0	SO_1632		
1569	2	0	SO_2907		
1570	2	0	SO_1779		
1571	2	0	SO_0221		
1572	2	0	SO_3428		
1573	2	0	SO_0770		
1574	2	0	SO_4349		
1575	2	0	SO_3189		
1576	2	0	SO_0254		
1577	2	0	SO_1879		
1578	2	0	SO_0242		
1579	1	0	SO_0970		
1580	2	0	SO_0217		
1580	2	0	SO_0229		
1581	2	0	SO_2341		
1582	0	1	SO_1101		
1583	2	0	SO_4233		
1584	1	0	SO_1524		
1585	2	0	SO_0236		
1586	1	0	SO_2903		
1587	2	0	SO_0859		
1588	2	0	SO_0014		
1589	2	1	SO_2112		
1590	2	0	SO_0432		
1591	2	0	SO_4749		
1592	2	0	SO_3095		
1593	2	0	SO_3144		
1594	2	0	SO_2743		
1595	1	0	SO_1825		
1596	2	0	SO_1778		
1597	2	0	SO_2593		
1598	2	0	SO_3959		
1599	2	0	SO_0231		
1600	2	1	SO_2401		
1601	2	0	SO_2086		
1602	2	0	SO_0231		
1603	2	0	SO_3939		
1604	2	0	SO_0228		
1605	2	0	SO_2345		
1606	2	0	SO_3942		
1607	2	0	SO_4747		
1608	2	0	SO_3740		
1609	1	0	SO_1794		
1610	2	0	SO_1778		
1611	2	0	SO_0432		
1612	2	0	SO_1101		
1613	2	0	SO_3986		
1614	2	0	SO_1112		
1615	2	0	SO_3144		
1616	2	0	SO_3532		
1617	0	1	SO_3652		
1618	2	0	SO_4256		
1619	2	0	SO_0970		
1620	2	0	SO_1126		
1621	2	0	SO_3340		
1622	2	0	SO_1632		
1623	2	0	SO_0265		
1624	2	0	SO_2629		
1625	2	0	SO_2491		
1626	2	0	SO_4349		
1627	2	0	SO_4674		
1628	2	0	SO_2743		
1629	2	0	SO_1793		
1630	2	0	SO_4056		
1631	1	0	SO_1797		
1632	2	0	SO_2635		
1633	2	0	SO_1796		
1634	2	0	SO_0840		
1635	2	0	SO_A0041		
1636	2	0	SO_1793		
1637	2	0	SO_2492		
1638	1	0	SO_0230		
1639	2	0	SO_1197		
1640	2	0	SO_2304		
1641	2	0	SO_3545		
1642	2	0	SO_4055		
1643	2	0	SO_0020		
1644	2	0	SO_0424		
1645	2	0	SO_0840		
1646	1	0	SO_3907		
1647	2	2	SO_2427		
1648	1	0	SO_0229		
1648	1	0	SO_0217		
1649	2	0	SO_1928		
1650	2	0	SO_0224		
1651	2	0	SO_0224		
1652	2	0	SO_1551		
1653	2	0	SO_0274		
1654	2	0	SO_0930		
1655	2	0	SO_2760		
1656	2	0	SO_2310		
1657	1	0	SO_0970		
1658	2	0	SO_0840		
1659	2	0	SO_A0099		
1660	2	1	SO_3238		
1661	2	0	SO_0234		
1662	2	0	SO_1142		
1663	2	0	SO_4811		
1664	2	0	SO_2593		
1665	2	0	SO_0606		
1666	2	0	SO_2629		
1667	2	0	SO_0224		
1668	1	0	SO_0704		
1669	2	0	SO_2878		
1670	2	0	SO_2279		
1671	2	0	SO_0298		
1672	2	0	SO_3652		
1673	2	0	SO_2491		
1674	1	0	SO_0842		
1675	2	0	SO_4673		
1676	2	0	SO_3207		
1677	2	0	SO_2907		
1678	2	0	SO_2402		
1679	2	0	SO_2807		
1680	2	0	SO_1632		
1681	2	0	SO_2723		
1682	2	0	SO_1288		
1683	2	0	SO_1221		
1684	2	0	SO_1524		
1685	2	0	SO_0243		
1686	2	0	SO_4163		
1687	2	0	SO_2768		
1688	2	0	SO_0225		
1689	2	0	SO_2279		
1690	2	0	SO_2644		
1691	2	0	SO_0608		
1692	2	0	SO_0242		
1693	2	0	SO_1060		
1694	2	0	SO_0225		
1695	2	0	SO_0932		
1696	2	0	SO_3413		
1697	2	0	SO_0704		
1698	2	0	SO_3144		
1699	2	0	SO_2477		
1700	2	0	SO_3024		
1701	2	0	SO_3441		
1702	2	0	SO_2728		
1703	2	0	SO_0256		
1704	2	0	SO_3178		
1705	2	1	SO_0740		
1706	1	0	Contaminant_TRYP_BOVIN		
1707	2	2	SO_0250		
1708	2	0	SO_0933		
1709	2	0	SO_2756		
1710	2	1	SO_3652		
1711	2	0	SO_0228		
1712	2	2	SO_2087		
1713	2	0	SO_0241		
1714	2	0	SO_1164		
1715	2	0	Contaminant_TRYP_BOVIN		
1716	2	2	SO_2441		
1717	1	0	SO_2907		
1718	2	0	SO_2328		
1719	2	0	SO_2433		
1720	2	0	SO_0818		
1721	2	0	SO_0225		
1722	2	0	SO_1828		
1723	2	0	SO_2587		
1724	2	0	SO_3363		
1725	2	0	SO_1825		
1726	2	0	SO_1056		
1727	2	0	SO_0225		
1728	2	0	SO_2218		
1729	2	0	SO_2222		
1730	1	0	SO_0208		
1731	2	0	SO_3733		
1732	2	0	SO_3054		
1733	2	0	SO_0345		
1734	1	0	SO_2402		
1735	2	0	SO_1065		
1736	2	0	SO_3906		
1737	2	0	SO_0930		
1738	2	0	SO_4453		
1739	1	0	SO_0970		
1740	2	0	SO_2587		
1741	2	0	SO_4538		
1742	2	0	SO_0241		
1743	1	0	SO_1825		
1744	2	0	SO_0818		
1745	2	0	SO_1665		
1746	2	0	SO_3532		
1747	2	0	SO_0227		
1748	2	0	SO_1325		
1749	2	0	SO_1521		
1750	1	0	SO_0248		
1751	2	0	SO_1807		
1752	2	0	SO_1126		
1753	2	0	SO_2791		
1754	2	0	SO_4320		
1755	1	0	SO_1295		
1756	2	0	SO_3560		
1757	2	0	SO_4410		
1758	2	0	SO_2644		
1759	2	2	SO_2893		
1760	2	0	SO_1824		
1761	2	0	SO_2339		
1762	1	0	SO_0225		
1763	2	0	SO_0595		
1764	2	0	SO_0255		
1765	2	0	SO_0231		
1766	2	0	SO_3471		
1767	2	0	SO_2345		
1768	2	0	SO_2787		
1769	2	0	SO_2644		
1770	2	0	SO_1825		
1771	2	0	SO_1750		
1772	2	0	SO_1200		
1773	2	0	SO_0276		
1774	2	0	SO_A0112		
1774	2	0	SO_A0110		
1775	2	1	SO_2350		
1776	2	0	SO_1793		
1777	2	0	SO_2191		
1778	2	0	SO_3986		
1779	2	0	SO_0265		
1780	2	0	SO_1315		
1781	1	0	SO_0243		
1782	2	0	SO_0624		
1783	2	0	SO_0704		
1784	2	0	SO_0818		
1785	2	0	SO_0021		
1786	2	0	SO_2796		
1787	2	0	SO_2341		
1788	2	0	SO_2339		
1789	2	0	SO_0279		
1790	2	0	SO_4129		
1791	2	0	SO_0255		
1792	2	0	SO_1630		
1793	2	0	SO_1103		
1794	2	0	SO_4034		
1795	1	0	SO_0432		
1796	2	2	SO_0223		
1797	2	0	SO_3930		
1798	2	0	SO_3681		
1799	2	0	SO_2775		
1800	2	0	SO_1933		
1801	2	0	SO_0840		
1802	2	0	SO_0933		
1803	2	0	SO_3428		
1804	2	0	SO_0257		
1805	2	0	SO_2893		
1806	2	0	SO_2427		
1807	1	0	SO_3740		
1808	2	0	SO_0243		
1809	2	0	SO_3980		
1810	2	0	SO_0624		
1811	2	0	SO_0233		
1812	0	1	SO_2903		
1813	2	0	SO_3930		
1814	2	0	SO_3257		
1815	2	0	SO_0818		
1816	1	0	SO_2907		
1817	2	0	SO_1490		
1818	2	0	SO_1829		
1819	2	1	SO_1797		
1820	2	0	SO_0110		
1821	2	0	SO_0224		
1822	2	0	SO_0162		
1823	1	0	SO_1825		
1824	2	0	SO_0257		
1825	1	0	SO_3681		
1826	2	1	SO_2085		
1827	2	2	SO_1824		
1828	2	0	SO_2071		
1829	2	0	SO_2715		
1830	2	2	SO_3952		
1831	2	0	SO_0930		
1832	2	0	SO_0233		
1833	2	0	SO_3464		
1834	2	0	SO_0456		
1835	2	0	SO_0456		
1836	2	0	SO_0703		
1837	2	0	SO_0224		
1838	2	0	SO_2638		
1839	2	0	SO_1065		
1840	2	0	SO_4591		
1841	2	0	SO_2487		
1842	2	0	SO_1932		
1843	2	0	SO_2016		
1844	2	0	SO_4670		
1845	2	0	SO_3842		
1846	2	1	SO_3991		
1847	2	0	SO_3733		
1848	2	0	SO_0885		
1849	2	0	SO_2576		
1850	2	0	SO_4747		
1851	2	0	SO_3904		
1852	2	0	SO_2397		
1853	2	0	SO_3741		
1854	2	0	SO_2629		
1855	2	0	SO_0253		
1856	2	0	SO_2557		
1857	2	0	SO_A0112		
1857	2	0	SO_A0110		
1858	2	2	SO_3237		
1859	2	0	SO_2018		
1860	2	1	SO_1315		
1861	2	0	SO_1521		
1862	1	0	SO_0235		
1863	2	0	SO_4633		
1864	2	0	SO_2791		
1865	2	0	SO_2355		
1866	2	0	SO_0234		
1867	2	0	SO_0227		
1868	2	0	SO_1095		
1869	2	0	SO_3577		
1870	2	0	SO_2629		
1871	2	0	SO_3637		
1872	2	0	SO_1521		
1873	2	0	SO_1892		
1874	2	0	SO_2629		
1875	2	0	SO_1325		
1876	2	0	SO_1829		
1877	2	0	SO_1126		
1878	2	0	SO_2116		
1879	2	0	SO_2427		
1880	2	0	SO_1870		
1881	2	0	SO_3842		
1882	2	0	SO_0255		
1883	2	0	SO_2629		
1884	2	0	SO_4751		
1885	1	0	SO_2644		
1886	2	0	SO_1204		
1887	2	0	SO_0250		
1888	2	0	SO_0968		
1889	2	0	SO_0254		
1890	2	0	SO_3681		
1891	2	0	SO_1278		
1892	2	0	SO_1816		
1893	2	0	SO_1103		
1894	2	0	SO_3145		
1895	2	0	SO_2907		
1896	2	0	SO_1829		
1897	2	0	SO_0241		
1898	2	0	SO_2406		
1899	2	0	SO_4738		
1900	2	0	SO_1203		
1901	2	0	SO_0432		
1902	2	0	SO_0429		
1903	2	0	SO_1667		
1904	2	0	SO_1490		
1905	2	0	SO_0805		
1906	2	0	SO_2629		
1907	2	0	SO_2299		
1908	2	0	SO_1476		
1909	2	0	SO_1270		
1910	2	0	SO_2427		
1911	2	0	SO_0405		
1912	2	1	SO_2881		
1913	2	0	SO_4749		
1914	2	0	SO_1793		
1915	2	0	SO_2756		
1916	2	0	SO_2427		
1917	2	0	SO_3286		
1918	2	0	SO_2907		
1919	2	0	SO_1913		
1920	2	0	SO_0226		
1921	2	0	SO_0818		
1922	2	0	SO_2903		
1923	2	0	SO_3930		
1924	2	0	SO_0779		
1925	2	0	SO_2756		
1926	2	0	SO_0162		
1927	1	0	Contaminant_TRYP_BOVIN		
1928	2	0	SO_1779		
1929	2	0	SO_2086		
1930	2	0	SO_3681		
1931	2	0	SO_2427		
1932	2	0	SO_1700		
1933	2	0	SO_0274		
1934	1	0	SO_0970		
1935	2	0	SO_3942		
1936	2	0	SO_0425		
1937	2	0	SO_4129		
1938	2	0	SO_4056		
1939	1	0	SO_2907		
1940	2	0	SO_A0114		
1940	2	0	SO_A0111		
1941	2	0	SO_2882		
1942	2	0	SO_0243		
1943	2	0	SO_3637		
1944	2	0	SO_1638		
1945	2	0	SO_1117		
1946	2	0	SO_1829		
1947	2	0	SO_1779		
1948	2	0	SO_1629		
1949	2	0	SO_0704		
1950	2	0	SO_1825		
1951	2	0	SO_1521		
1952	2	1	SO_4391		
1952	2	1	SO_3775		
1953	2	0	SO_2570		
1954	2	0	SO_1519		
1955	2	0	SO_1932		
1956	2	0	SO_0861		
1957	2	0	SO_0432		
1958	2	0	SO_1126		
1959	2	0	SO_4674		
1960	2	2	SO_0409		
1961	2	0	SO_0278		
1962	2	0	SO_0409		
1963	2	0	SO_2593		
1964	2	0	SO_A0161		
1965	1	0	SO_4652		
1966	2	0	SO_0238		
1967	2	0	SO_1377		
1968	2	0	SO_1683		
1969	2	0	SO_0253		
1970	2	0	SO_0970		
1971	2	0	SO_3172		
1972	2	0	SO_2018		
1973	1	0	SO_2903		
1974	2	0	SO_4247		
1975	2	0	SO_0253		
1976	2	0	SO_3559		
1977	2	0	SO_2402		
1978	2	0	SO_0162		
1979	2	0	SO_0840		
1980	2	0	SO_1360		
1981	2	0	SO_3130		
1982	2	0	SO_0221		
1983	2	0	SO_0619		
1984	2	0	SO_0840		
1985	2	0	SO_1521		
1986	2	0	SO_1825		
1987	2	0	SO_3472		
1988	2	2	SO_0231		
1989	2	0	SO_0783		
1990	2	0	SO_2340		
1991	2	0	SO_2201		
1992	2	0	SO_1550		
1993	2	0	SO_0224		
1994	2	0	SO_4320		
1995	1	0	SO_0231		
1996	2	0	SO_2278		
1997	2	0	SO_3740		
1998	2	0	SO_0818		
1999	2	0	SO_2907		
2000	2	0	SO_1117		
2001	2	0	SO_3146		
2002	2	0	SO_0360		
2003	2	0	SO_1678		
2004	2	0	SO_0840		
2005	2	0	SO_0277		
2006	1	0	SO_2907		
2007	2	0	SO_0228		
2008	2	0	SO_3130		
2009	2	0	SO_3637		
2010	2	0	SO_2785		
2011	2	0	SO_1360		
2012	1	0	SO_0229		
2012	1	0	SO_0217		
2013	2	0	SO_3904		
2014	2	0	SO_0970		
2015	2	0	SO_1300		
2016	2	0	SO_0227		
2017	2	0	SO_1142		
2018	2	0	SO_1060		
2019	2	0	SO_2069		
2020	2	0	SO_0831		
2021	2	0	SO_3430		
2022	2	0	SO_3211		
2023	2	0	SO_4678		
2024	2	0	SO_2768		
2025	2	0	SO_2347		
2026	2	0	SO_3428		
2027	2	0	SO_1930		
2028	2	0	SO_0256		
2029	1	0	SO_0769		
2030	2	0	SO_3545		
2031	2	0	SO_2087		
2032	2	0	SO_1793		
2033	2	0	SO_0221		
2034	2	0	SO_1930		
2035	2	0	SO_0234		
2036	2	0	SO_2769		
2037	2	0	SO_0256		
2038	2	0	SO_1825		
2039	2	0	SO_3927		
2040	2	0	SO_3146		
2041	2	0	SO_0250		
2042	2	0	SO_3471		
2043	2	0	SO_0770		
2044	2	0	SO_1551		
2045	2	0	SO_0609		
2046	2	0	SO_0231		
2047	2	0	SO_2881		
2048	2	0	SO_1791		
2049	2	0	SO_0608		
2050	2	0	SO_0162		
2051	2	0	SO_2759		
2052	2	0	SO_0333		
2053	2	0	SO_3733		
2054	2	0	SO_0704		
2055	2	0	SO_1828		
2056	1	0	SO_2907		
2057	2	0	SO_0842		
2058	2	0	SO_4670		
2059	2	0	SO_2345		
2060	2	0	SO_0247		
2061	2	0	SO_3146		
2062	1	0	SO_0432		
2063	2	0	SO_2469		
2064	2	0	SO_2975		
2065	1	0	Contaminant_TRYP_BOVIN		
2066	2	0	SO_2912		
2067	1	0	SO_0221		
2068	1	0	SO_3939		
2069	2	0	SO_1551		
2070	2	0	SO_2768		
2071	2	0	SO_0234		
2072	2	0	SO_4129		
2073	2	0	SO_2341		
2074	1	0	SO_1824		
2075	2	0	SO_1793		
2076	2	0	SO_0429		
2077	2	1	SO_1797		
2078	2	0	SO_1755		
2079	2	0	SO_2587		
2080	2	0	SO_3237		
2081	1	0	SO_1295		
2082	2	0	SO_4693		
2083	2	0	SO_1270		
2084	2	0	SO_0221		
2085	2	0	SO_2601		
2086	2	0	SO_2635		
2087	2	1	SO_0405		
2088	2	0	SO_2427		
2089	2	0	SO_3812		
2090	2	0	SO_2087		
2091	1	0	SO_2903		
2092	2	0	SO_1798		
2093	2	0	SO_1295		
2094	2	0	SO_1060		
2095	2	0	SO_0225		
2096	2	2	SO_3942		
2097	2	0	SO_2402		
2098	2	2	SO_0256		
2099	2	0	SO_0255		
2100	2	0	SO_4055		
2101	2	0	SO_0933		
2102	2	0	SO_2903		
2103	2	0	SO_1828		
2104	2	0	SO_4349		
2105	2	0	SO_2270		
2106	2	0	SO_0243		
2107	2	1	SO_2629		
2108	2	0	SO_0358		
2109	2	0	SO_3942		
2110	2	0	SO_2912		
2111	2	0	SO_1930		
2112	2	0	SO_2068		
2113	2	0	SO_0425		
2114	2	0	SO_3238		
2114	2	0	SO_3237		
2115	2	0	SO_0220		
2116	2	0	SO_0223		
2117	2	0	SO_1797		
2118	0	2	SO_0231		
2119	2	0	SO_4078		
2120	2	0	SO_4320		
2121	1	0	SO_3471		
2122	2	0	SO_0229		
2122	2	0	SO_0217		
2123	2	0	SO_4236		
2124	2	0	SO_4129		
2125	2	0	SO_0229		
2125	2	0	SO_0217		
2126	2	0	SO_1824		
2127	2	0	SO_0424		
2128	2	0	SO_0655		
2129	2	0	SO_4538		
2130	1	0	SO_0229		
2130	1	0	SO_0217		
2131	2	0	SO_0250		
2132	1	0	SO_0970		
2133	2	0	SO_0548		
2134	2	0	SO_4702		
2135	2	0	SO_0196		
2136	2	0	SO_1638		
2137	2	0	SO_2419		
2138	2	0	SO_2587		
2139	2	0	SO_0021		
2140	2	0	SO_2882		
2141	2	0	SO_2907		
2142	2	0	SO_2644		
2143	2	0	SO_0237		
2144	2	0	SO_3560		
2145	2	0	SO_2916		
2146	2	0	SO_1075		
2147	1	0	SO_1095		
2148	2	0	SO_1521		
2149	2	0	SO_2491		
2150	2	1	SO_1897		
2151	2	0	SO_3930		
2152	2	0	SO_0021		
2153	2	0	SO_4211		
2154	2	0	SO_3949		
2155	2	0	SO_0166		
2156	2	0	SO_0247		
2157	2	0	SO_1520		
2158	2	0	SO_3664		
2159	2	0	SO_2593		
2160	2	0	SO_2776		
2161	2	0	SO_3108		
2162	1	0	SO_1932		
2163	2	0	SO_1126		
2164	2	0	SO_2427		
2165	2	0	SO_1207		
2166	2	0	SO_2336		
2167	2	0	SO_2824		
2168	2	0	SO_3733		
2169	2	0	SO_3070		
2170	2	0	SO_3940		
2171	2	0	SO_0340		
2172	2	0	SO_1930		
2173	2	0	SO_0933		
2174	2	0	SO_0970		
2175	2	0	SO_1551		
2176	1	0	SO_2427		
2177	2	0	SO_1538		
2178	2	0	SO_0232		
2179	2	0	SO_2301		
2180	2	0	SO_1825		
2181	2	0	SO_1019		
2182	2	0	SO_3207		
2183	2	0	SO_1218		
2184	2	0	SO_3571		
2185	1	0	SO_0234		
2186	2	0	SO_2907		
2187	2	0	SO_1122		
2188	2	0	SO_0224		
2189	1	0	SO_1629		
2190	2	0	SO_2223		
2191	2	0	SO_1949		
2192	2	0	SO_4246		
2193	2	0	SO_0294		
2194	2	0	SO_1828		
2195	2	0	SO_2596		
2196	1	0	SO_0229		
2196	1	0	SO_0217		
2197	2	0	SO_1636		
2198	2	0	SO_2596		
2199	2	2	SO_3928		
2200	2	0	SO_4034		
2201	2	0	SO_1209		
2202	2	0	SO_2882		
2203	2	0	SO_1796		
2204	2	0	SO_0267		
2205	2	0	SO_0933		
2206	2	0	SO_1744		
2207	2	0	SO_3564		
2208	2	0	SO_0254		
2209	2	0	SO_1932		
2210	2	0	SO_1065		
2211	2	0	SO_2907		
2212	2	0	SO_2776		
2213	2	0	SO_2912		
2214	2	0	SO_0236		
2215	2	2	SO_1755		
2216	2	0	SO_1630		
2217	1	0	SO_3740		
2218	1	0	SO_0235		
2219	2	0	SO_2222		
2220	2	0	SO_2406		
2221	2	0	SO_2787		
2222	2	0	SO_1108		
2222	2	0	SO_0907		
2223	2	0	SO_3906		
2224	2	0	SO_0255		
2225	2	0	SO_2402		
2226	2	0	SO_0970		
2227	2	0	SO_2486		
2228	2	0	SO_1807		
2229	2	0	SO_0229		
2229	2	0	SO_0217		
2230	2	0	SO_0224		
2231	1	0	SO_1490		
2232	2	0	SO_0842		
2233	2	0	SO_2737		
2234	2	0	SO_1824		
2235	2	0	SO_4202		
2236	2	0	SO_3582		
2237	2	0	SO_2629		
2238	2	0	SO_3681		
2239	2	0	SO_4247		
2240	2	0	SO_0021		
2241	1	0	SO_2907		
2242	2	0	SO_0224		
2243	1	0	SO_3545		
2244	2	0	SO_0256		
2245	2	0	SO_4105		
2246	2	0	SO_2903		
2247	2	0	SO_4749		
2248	2	0	SO_3741		
2249	2	0	SO_3930		
2250	2	0	SO_2912		
2251	2	0	SO_3207		
2252	2	0	SO_2427		
2253	2	0	SO_1126		
2254	2	0	SO_3682		
2255	2	0	SO_0584		
2255	2	0	SO_0500		
2255	2	0	SO_0987		
2255	2	0	SO_1056		
2255	2	0	SO_1113		
2255	2	0	SO_1144		
2255	2	0	SO_1278		
2255	2	0	SO_1385		
2255	2	0	SO_1434		
2255	2	0	SO_2083		
2255	2	0	SO_2117		
2255	2	0	SO_2240		
2255	2	0	SO_2317		
2255	2	0	SO_3046		
2255	2	0	SO_3052		
2255	2	0	SO_3282		
2255	2	0	SO_3396		
2255	2	0	SO_3404		
2255	2	0	SO_3582		
2255	2	0	SO_3642		
2255	2	0	SO_3838		
2255	2	0	SO_3890		
2255	2	0	SO_4053		
2255	2	0	SO_4454		
2255	2	0	SO_4466		
2255	2	0	SO_4557		
2255	2	0	SO_4635		
2255	2	0	SO_A0106		
2256	2	0	SO_0008		
2257	2	0	SO_0595		
2258	2	0	SO_1829		
2259	2	0	SO_2427		
2260	2	0	SO_2907		
2261	1	0	SO_2427		
2262	2	0	SO_0947		
2263	2	0	SO_4343		
2264	2	0	SO_0224		
2265	1	0	SO_0217		
2265	1	0	SO_0229		
2266	1	0	SO_0225		
2267	2	0	SO_1930		
2268	2	0	SO_3538		
2269	2	0	SO_0932		
2270	2	0	SO_3896		
2271	1	0	SO_2402		
2272	1	0	SO_2756		
2273	2	0	SO_2491		
2274	2	0	SO_2629		
2275	2	0	SO_0225		
2276	2	0	SO_0243		
2277	2	0	SO_2477		
2278	1	0	SO_0970		
2279	1	0	SO_2787		
2280	2	0	SO_2302		
2281	2	1	SO_3740		
2282	2	0	SO_4410		
2283	2	0	SO_1362		
2284	2	0	SO_3467		
2285	2	0	SO_3170		
2286	1	0	SO_0624		
2287	2	0	SO_2001		
2288	2	0	SO_3738		
2289	2	0	SO_4129		
2290	1	0	SO_1824		
2291	2	0	SO_2907		
2292	2	0	SO_3637		
2293	2	0	SO_4054		
2294	2	0	SO_3519		
2295	1	0	SO_3188		
2296	2	0	SO_0219		
2297	2	0	SO_1793		
2298	2	0	SO_3190		
2299	2	0	SO_3888		
2300	1	0	SO_3112		
2301	2	0	SO_0932		
2302	2	2	SO_4749		
2303	2	0	SO_2302		
2304	2	0	SO_1360		
2305	1	0	SO_0217		
2305	1	0	SO_0229		
2306	1	0	SO_0429		
2307	2	0	SO_0276		
2308	2	0	SO_0250		
2309	2	0	SO_0232		
2310	2	0	SO_4133		
2311	1	0	SO_1793		
2312	2	0	SO_2644		
2313	2	0	SO_4197		
2314	2	0	SO_3664		
2315	2	0	SO_0342		
2316	2	0	SO_1332		
2317	2	0	SO_0227		
2318	2	0	SO_2644		
2319	2	0	SO_1490		
2320	2	0	SO_0704		
2321	2	0	SO_0255		
2322	2	0	SO_2645		
2323	2	0	SO_0779		
2324	2	0	SO_1629		
2325	2	0	SO_1683		
2326	2	0	SO_1141		
2327	2	1	SO_0165		
2328	1	0	SO_1825		
2329	1	0	SO_2787		
2330	1	0	SO_1490		
2331	2	0	SO_0432		
2332	2	0	SO_1952		
2333	2	0	SO_4134		
2334	1	0	SO_0842		
2335	2	0	SO_2492		
2336	2	0	SO_3765		
2337	2	0	SO_1051		
2338	2	0	SO_4693		
2339	2	0	SO_1930		
2340	2	0	SO_3942		
2341	2	0	SO_2596		
2342	2	0	SO_4410		
2343	1	0	SO_0703		
2344	2	0	SO_4756		
2345	2	0	SO_0294		
2346	2	0	SO_2756		
2347	2	0	SO_2085		
2348	2	0	SO_2345		
2349	2	0	SO_3837		
2350	2	0	SO_0576		
2351	1	0	SO_0257		
2352	1	0	SO_1164		
2353	2	0	SO_0970		
2354	2	0	SO_2593		
2355	2	0	SO_0225		
2356	2	0	SO_0424		
2357	2	0	SO_0425		
2358	2	0	SO_0020		
2359	1	0	SO_3080		
2360	2	0	SO_0277		
2361	2	0	SO_0703		
2362	2	1	SO_1632		
2363	2	0	SO_1484		
2364	2	0	SO_4055		
2365	2	0	SO_0554		
2366	2	0	SO_3842		
2367	2	0	SO_0014		
2368	1	0	SO_2903		
2369	1	0	SO_0704		
2370	2	0	SO_1779		
2371	2	0	SO_0220		
2372	2	0	SO_4723		
2373	1	0	SO_0257		
2374	2	0	SO_3942		
2375	2	0	SO_0930		
2376	1	0	SO_0770		
2377	1	0	SO_0220		
2378	2	0	SO_0617		
2379	2	0	SO_3597		
2380	2	0	SO_2567		
2381	1	0	Contaminant_TRYP_PIG		
2381	1	0	Contaminant_TRYP_BOVIN		
2382	2	0	SO_0285		
2383	2	0	SO_0840		
2384	2	0	SO_1929		
2385	2	0	SO_0007		
2386	2	0	SO_4394		
2387	2	0	SO_3927		
2388	2	0	SO_2759		
2389	2	0	SO_2427		
2390	2	0	SO_1521		
2391	1	0	SO_2767		
2392	2	0	SO_1360		
2393	2	0	SO_0235		
2394	2	0	SO_0225		
2395	2	0	SO_4054		
2396	2	0	SO_1825		
2396	2	0	SO_4319		
2397	1	0	SO_2907		
2398	2	0	SO_3183		
2399	2	0	SO_1551		
2400	1	0	SO_3440		
2401	2	0	SO_1576		
2402	2	0	SO_4749		
2403	2	0	SO_0818		
2404	1	0	SO_2402		
2405	1	0	SO_1824		
2406	2	0	SO_0770		
2407	2	0	SO_3242		
2408	1	0	SO_0704		
2409	2	0	SO_0930		
2410	2	0	SO_0624		
2411	2	0	SO_4133		
2412	2	0	SO_1344		
2413	2	0	SO_0162		
2414	2	0	SO_0769		
2415	2	0	SO_0888		
2416	2	0	SO_1928		
2417	2	0	SO_1928		
2418	2	0	SO_3942		
2419	1	0	SO_0224		
2420	2	0	SO_0770		
2421	2	0	SO_3772		
2422	1	0	SO_2644		
2423	2	0	SO_2427		
2424	1	0	SO_4414		
2425	2	0	SO_3733		
2426	2	0	SO_1793		
2427	2	0	SO_2929		
2428	2	0	SO_0930		
2429	2	0	SO_2824		
2430	2	0	SO_0429		
2431	2	0	SO_0231		
2432	2	0	SO_1288		
2433	2	0	SO_0840		
2434	2	0	SO_2510		
2435	2	0	SO_1458		
2436	2	0	SO_0101		
2437	2	0	SO_1327		
2438	2	0	SO_2489		
2439	2	0	SO_1111		
2440	1	0	SO_0359		
2441	2	0	SO_1744		
2442	2	0	SO_1551		
2443	1	0	SO_0827		
2444	2	0	SO_0222		
2445	2	0	SO_1637		
2446	1	0	SO_0704		
2447	2	0	SO_2644		
2448	2	0	SO_0456		
2449	1	0	Contaminant_TRYP_BOVIN		
2450	1	0	SO_2648		
2451	2	0	SO_4391		
2451	2	0	SO_3775		
2452	1	0	SO_4349		
2453	1	0	SO_1825		
2454	2	0	SO_0014		
2455	2	0	SO_1712		
2456	2	0	SO_1105		
2457	2	0	SO_0630		
2458	2	0	SO_0840		
2459	2	0	SO_4480		
2460	2	2	SO_2240		
2461	2	0	SO_0246		
2462	1	0	SO_3238		
2462	1	0	SO_3237		
2463	2	0	SO_0818		
2464	1	0	SO_4214		
2465	2	0	SO_1793		
2466	2	0	SO_4349		
2467	1	0	SO_1928		
2468	2	1	SO_0602		
2469	2	0	SO_0244		
2470	2	0	SO_0842		
2471	2	0	SO_0377		
2472	2	0	SO_4134		
2473	2	0	SO_2606		
2474	2	0	SO_4747		
2475	2	0	SO_1629		
2476	2	0	SO_2827		
2477	1	0	SO_2074		
2478	2	0	SO_0224		
2479	2	0	SO_3745		
2480	2	0	SO_3766		
2481	2	0	SO_2121		
2482	2	0	SO_1843		
2483	2	0	SO_3409		
2484	2	0	SO_0162		
2485	2	0	SO_3257		
2486	1	0	SO_0842		
2487	1	0	SO_0994		
2488	2	0	SO_1933		
2489	2	0	SO_0344		
2490	2	0	SO_0770		
2491	2	0	Contaminant_TRYP_PIG		
2491	2	0	Contaminant_Trypa6		
2492	2	0	SO_0963		
2493	1	0	SO_1825		
2494	2	0	SO_3733		
2495	2	0	SO_2402		
2496	2	0	SO_0395		
2497	1	0	SO_0704		
2498	2	0	SO_1095		
2499	2	0	SO_4631		
2500	2	0	SO_1828		
2501	2	0	SO_3800		
2502	1	0	SO_0257		
2503	2	1	SO_0238		
2504	1	0	SO_2584		
2505	1	0	SO_3237		
2506	2	0	SO_3207		
2507	2	1	SO_3148		
2508	2	0	SO_1796		
2509	2	0	SO_3441		
2510	1	0	SO_1673		
2511	2	0	SO_1931		
2512	2	0	SO_1521		
2513	2	0	SO_0326		
2514	2	0	SO_4733		
2515	2	0	SO_4133		
2516	2	0	SO_3765		
2517	2	0	SO_3148		
2518	2	0	SO_0221		
2519	2	0	SO_1630		
2520	2	0	SO_0225		
2521	2	0	SO_0230		
2522	2	0	SO_2907		
2523	1	0	SO_2907		
2524	2	0	SO_1126		
2525	2	0	SO_0933		
2526	2	0	SO_0704		
2527	2	0	SO_3270		
2528	2	0	SO_0234		
2529	1	0	SO_3519		
2530	2	0	SO_1103		
2531	1	0	SO_0256		
2532	1	0	SO_2087		
2533	2	0	SO_3815		
2534	2	0	SO_A0005		
2535	2	0	SO_2086		
2536	1	0	SO_1443		
2537	2	0	SO_1571		
2538	2	0	SO_0888		
2539	1	0	SO_0229		
2539	1	0	SO_0217		
2540	2	2	SO_0837		
2541	2	0	SO_1750		
2542	1	0	SO_0162		
2543	2	0	SO_1755		
2544	2	0	SO_0842		
2545	2	0	SO_1551		
2546	2	0	SO_3537		
2547	2	1	SO_2593		
2548	2	0	SO_2644		
2549	2	0	SO_3760		
2550	2	0	SO_4264		
2551	1	0	SO_4068		
2552	2	1	SO_3350		
2553	1	0	SO_3793		
2554	1	0	SO_0245		
2555	2	0	SO_0399		
2556	2	0	SO_3413		
2557	2	0	SO_4306		
2558	2	0	SO_0691		
2559	2	0	SO_3111		
2560	2	0	SO_0650		
2561	2	0	SO_1270		
2562	2	0	SO_3545		
2563	2	1	SO_0226		
2564	2	0	SO_1127		
2565	2	2	SO_1101		
2566	2	0	SO_0297		
2567	2	0	SO_0244		
2568	2	0	SO_1126		
2569	2	0	SO_0432		
2570	2	0	SO_4728		
2571	2	0	SO_3309		
2572	2	0	SO_2912		
2573	2	0	SO_0703		
2574	2	0	SO_4233		
2575	2	0	SO_1827		
2576	2	0	SO_0840		
2577	2	0	SO_3440		
2578	2	0	SO_1828		
2579	2	0	SO_2177		
2580	2	0	SO_2525		
2581	2	0	SO_0256		
2582	2	0	SO_4323		
2583	2	0	SO_3988		
2584	2	2	SO_3940		
2585	2	0	SO_0615		
2586	2	0	SO_2048		
2587	2	0	SO_3642		
2588	1	0	SO_2665		
2589	2	0	SO_0730		
2590	2	0	SO_2616		
2591	2	0	SO_0225		
2592	2	0	SO_0577		
2593	2	0	SO_2623		
2594	2	0	SO_0257		
2595	2	0	SO_0704		
2596	2	0	SO_2915		
2597	2	0	SO_0225		
2598	2	0	SO_0021		
2599	2	0	SO_3928		
2600	2	0	SO_0250		
2601	2	0	SO_2756		
2602	2	0	SO_1678		
2603	1	0	SO_1126		
2604	2	0	SO_3146		
2605	2	0	SO_4038		
2606	1	0	SO_1932		
2607	2	0	SO_0956		
2608	2	0	SO_A0045		
2609	2	0	SO_2190		
2610	1	0	SO_0809		
2611	1	0	SO_1871		
2612	2	0	SO_0241		
2613	2	0	SO_1930		
2614	2	0	SO_0842		
2615	2	0	SO_4349		
2616	1	0	SO_4499		
2617	1	0	SO_0223		
2618	2	1	SO_0110		
2619	1	0	SO_2756		
2620	1	0	SO_4770		
2621	2	0	SO_A0112		
2622	2	0	SO_0230		
2623	1	0	SO_1417		
2624	2	0	SO_3740		
2625	2	0	SO_0265		
2626	1	0	Contaminant_TRYP_BOVIN		
2627	2	0	SO_3466		
2628	2	0	SO_3988		
2629	2	0	SO_0247		
2630	2	2	SO_2787		
2631	2	0	SO_1209		
2632	2	0	SO_1126		
2633	2	0	SO_2570		
2634	2	0	SO_0264		
2635	1	0	SO_0028		
2636	2	0	SO_4211		
2637	2	0	SO_0432		
2638	2	0	SO_3649		
2639	1	0	SO_3432		
2640	2	0	SO_2255		
2641	2	0	SO_2507		
2642	2	0	SO_4747		
2643	2	0	SO_1101		
2644	2	1	SO_0843		
2645	2	0	SO_A0095		
2646	2	0	SO_1209		
2647	1	0	SO_0237		
2648	2	0	SO_3879		
2649	1	0	SO_3209		
2650	2	0	SO_1776		
2651	2	0	SO_0933		
2652	2	0	SO_3564		
2653	2	0	SO_3942		
2654	2	0	SO_1666		
2655	2	0	SO_0274		
2656	2	0	SO_3145		
2657	2	0	SO_2747		
2658	2	0	SO_0167		
2659	1	0	SO_1066		
2660	2	0	SO_1571		
2661	2	0	SO_1035		
2662	1	0	SO_1226		
2663	1	0	SO_0243		
2664	2	0	SO_0195		
2665	1	0	SO_0406		
2666	2	0	SO_1295		
2667	1	0	SO_4492		
2668	1	0	SO_2407		
2669	2	0	SO_1531		
2670	2	0	SO_3439		
2671	2	0	SO_3142		
2672	2	0	SO_0221		
2673	2	0	SO_4428		
2674	2	0	SO_0816		
2675	1	0	SO_1705		
2676	2	1	SO_2787		
2677	2	0	SO_2402		
2678	1	0	SO_3472		
2679	2	0	SO_1637		
2680	2	0	SO_A0022		
2681	2	2	SO_2727		
2682	2	0	SO_0588		
2683	1	0	SO_0141		
2684	2	0	SO_2427		
2685	2	0	SO_0704		
2686	2	0	SO_1448		
2687	1	0	SO_3311		
2688	2	0	SO_2345		
2689	2	0	SO_1926		
2690	2	0	SO_1683		
2691	2	0	SO_2406		
2692	2	0	SO_3722		
2693	2	0	SO_0381		
2694	2	0	SO_2411		
2695	1	0	SO_1295		
2696	1	0	SO_1484		
2697	2	0	SO_2491		
2698	2	0	SO_0406		
2699	2	0	SO_2399		
2700	1	0	SO_0520		
2701	1	0	SO_0865		
2702	2	0	SO_1126		
2703	2	0	SO_0542		
2704	2	0	SO_1404		
2705	2	1	SO_1227		
2706	2	0	SO_4671		
2707	1	0	SO_3627		
2708	2	0	SO_2644		
2709	2	0	SO_3689		
2710	2	0	SO_1095		
2711	2	0	SO_2302		
2712	2	0	SO_4260		
2713	2	0	SO_A0049		
2714	2	0	SO_1204		
2715	2	0	SO_2759		
2716	2	0	SO_2629		
2717	1	0	SO_1907		
2718	1	0	SO_A0140		
2719	2	0	SO_0229		
2719	2	0	SO_0217		
2720	2	0	SO_1805		
2721	2	0	SO_2942		
2722	2	0	SO_1284		
2723	2	0	SO_4692		
2724	1	0	SO_2756		
2725	2	0	SO_1647		
2726	2	0	SO_0007		
2727	2	0	SO_0278		
2728	2	0	SO_3471		
2729	2	0	SO_0248		
2730	1	0	SO_A0012		
2731	2	0	SO_0357		
2732	2	1	SO_2589		
2733	1	0	SO_1368		
2734	2	0	SO_2330		
2735	2	0	SO_1457		
2736	2	0	SO_1209		
2737	2	0	SO_1699		
2738	2	0	SO_A0133		
2739	2	0	SO_3765		
2740	2	0	SO_2427		
2741	2	1	SO_2234		
2742	2	0	SO_0225		
2743	1	0	SO_4093		
2744	2	2	SO_0608		
2745	2	0	SO_2743		
2746	2	1	SO_4413		
2747	2	0	SO_1928		
2748	2	0	SO_0244		
2749	2	0	SO_3942		
2750	2	0	SO_1807		
2751	2	0	SO_2881		
2752	2	0	SO_2841		
2753	2	0	SO_0275		
2754	1	0	SO_2345		
2755	1	0	SO_1824		
2756	2	0	SO_2968		
2757	2	0	SO_0236		
2758	1	0	SO_4244		
2759	2	0	SO_0144		
2760	2	0	SO_4034		
2761	1	0	SO_3130		
2762	2	0	SO_3617		
2763	2	0	SO_2649		
2764	2	0	SO_2940		
2765	2	0	SO_1414		
2766	2	0	SO_0341		
2767	2	0	SO_0224		
2768	2	0	SO_1346		
2769	2	0	SO_1988		
2770	2	1	SO_4785		
2770	2	1	SO_1951		
2771	2	0	SO_3492		
2772	2	0	SO_3466		
2773	1	0	SO_0783		
2774	2	0	SO_0224		
2775	2	0	SO_0231		
2776	2	0	SO_4017		
2777	2	0	SO_A0172		
2778	1	0	SO_3872		
2779	2	1	SO_3736		
2780	2	0	SO_4624		
2781	2	1	SO_1461		
2782	2	0	SO_4094		
2783	1	0	SO_2547		
2784	2	0	SO_1881		
2785	2	0	SO_2085		
2786	2	0	SO_0691		
2787	2	0	SO_A0106		
2788	2	0	SO_4513		
2789	1	0	SO_1054		
2790	2	0	SO_3577		
2791	1	0	SO_1822		
2792	2	0	SO_1554		
2793	2	0	SO_0033		
2794	2	0	SO_0970		
2795	2	1	SO_4016		
2796	2	0	SO_1500		
2797	2	0	SO_0404		
2798	2	0	SO_3079		
2799	2	0	SO_1461		
2800	2	0	SO_0874		
2801	2	0	SO_3629		
2802	2	0	SO_4618		
2803	2	0	SO_3961		
2804	2	0	SO_0999		
2805	2	0	SO_2590		
2806	1	0	SO_0432		
2807	2	0	SO_1853		
2808	2	0	SO_1150		
2809	2	0	SO_1639		
2810	2	0	SO_1108		
2811	2	0	SO_0368		
2812	2	1	SO_4612		
2813	1	0	SO_2013		
2814	2	2	SO_3800		
2815	2	0	SO_0479		
2816	1	0	SO_2907		
2817	2	0	SO_0362		
2818	2	0	SO_1490		
2819	2	0	SO_2347		
2820	2	0	SO_3212		
2821	2	0	SO_4008		
2822	2	0	SO_3317		
2823	2	0	SO_1825		
2824	2	0	SO_0238		
2825	2	0	SO_1369		
2826	2	0	SO_2040		
2827	2	0	SO_3151		
2828	2	0	SO_1665		
2829	2	0	SO_2145		
2830	2	2	SO_0236		
2831	2	0	SO_3771		
2832	1	0	SO_2427		
2833	2	1	SO_A0084		
2834	2	0	SO_0947		
2835	2	0	SO_4246		
2836	1	0	SO_1825		
2837	1	0	SO_3334		
2838	1	0	SO_0253		
2839	1	0	SO_2427		
2840	2	0	SO_0840		
2841	2	0	SO_4628		
2842	2	0	SO_4699		
2843	2	0	SO_1837		
2844	2	0	SO_3415		
2845	2	0	SO_3016		
2846	2	0	SO_0662		
2847	2	0	SO_1462		
2848	1	0	SO_0207		
2849	2	0	SO_0225		
2850	2	0	SO_4120		
2851	1	0	SO_4105		
2852	1	0	SO_1611		
2853	2	0	SO_A0096		
2854	1	0	SO_3355		
2855	2	1	SO_A0071		
2856	1	0	SO_4027		
2857	2	0	SO_3733		
2858	2	0	SO_4652		
2859	2	0	SO_3939		
2860	2	0	SO_2882		
2861	1	0	SO_0248		
2862	2	0	SO_1931		
2863	2	0	SO_2364		
2864	1	0	SO_1824		
2865	2	0	SO_4718		
2866	1	0	SO_3084		
2867	2	0	SO_2300		
2868	2	1	SO_0761		
2869	2	0	SO_4652		
2870	1	0	SO_0207		
2871	2	0	SO_1819		
2872	2	0	SO_3460		
2873	2	0	SO_2248		
2874	2	0	SO_0217		
2874	2	0	SO_0229		
2875	2	1	SO_1192		
2876	2	0	SO_2302		
2877	1	0	SO_2452		
2878	2	0	SO_1678		
2879	1	0	SO_3939		
2880	2	0	SO_2536		
2881	0	1	SO_2517		
2882	2	0	SO_2320		
2883	2	0	SO_0225		
2884	2	1	SO_0663		
2885	1	0	SO_3301		
2886	2	0	SO_0613		
2887	2	0	SO_2860		
2888	2	0	SO_3350		
2889	2	0	SO_1075		
2889	2	0	SO_3543		
2890	2	0	SO_3756		
2891	1	0	SO_4234		
2892	2	0	SO_4435		
2893	2	0	SO_3615		
2894	2	0	SO_1484		
2895	1	0	SO_1177		
2896	1	0	SO_0978		
2897	1	0	SO_0224		
2898	1	0	SO_1457		
2899	2	0	SO_0485		
2900	2	0	SO_0628		
2901	2	0	SO_3974		
2902	2	0	SO_4377		
2903	2	0	SO_4718		
2904	2	0	SO_2484		
2905	2	0	SO_1208		
2906	2	0	SO_2345		
2907	2	0	SO_3154		
2908	2	0	SO_3498		
2909	1	0	SO_3714		
2910	2	0	SO_3741		
2911	2	0	SO_3340		
2912	2	0	SO_4100		
2913	2	1	SO_3575		
2914	2	0	SO_3471		
2915	2	0	SO_2402		
2916	2	0	SO_3174		
2917	2	0	SO_1360		
2918	1	0	SO_4072		
2919	2	0	SO_1457		
2920	1	0	SO_4181		
2921	2	0	SO_4343		
2922	2	0	SO_3221		
2923	2	0	SO_3855		
2924	2	1	SO_0779		
2925	2	0	SO_1644		
2926	2	0	SO_A0161		
2927	2	0	SO_2402		
2928	2	0	SO_0067		
2929	2	0	SO_A0100		
2930	1	0	SO_3440		
2931	1	0	SO_1233		
2932	2	0	SO_0387		
2932	2	0	SO_0004		
2933	1	0	SO_0162		
2934	2	0	SO_2975		
2935	2	0	SO_1460		
2936	2	0	SO_0224		
2937	2	0	SO_2410		
2938	1	0	SO_0246		
2939	2	0	SO_3112		
2940	2	0	SO_1970		
2941	2	0	SO_1930		
2942	2	0	SO_3517		
2943	2	0	SO_2434		
2944	2	0	SO_3046		
2945	2	0	SO_2198		
2946	2	0	SO_4427		
2946	2	0	SO_3232		
2947	1	0	SO_1929		
2948	2	0	SO_1930		
2949	2	0	SO_3759		
2950	2	0	SO_4190		
2951	2	0	SO_4658		
2952	1	0	SO_2285		
2953	0	1	SO_0245		
2954	2	0	SO_2047		
2955	2	0	SO_4122		
2956	1	0	SO_4649		
2957	1	0	SO_2072		
2958	1	0	SO_0227		
2959	2	0	SO_1631		
2960	2	0	SO_0227		
2961	2	0	SO_2015		
2962	2	0	SO_1038		
2963	2	0	SO_3939		
2964	1	0	SO_1369		
2965	2	0	SO_2378		
2966	2	0	SO_3654		
2967	2	0	SO_0011		
2968	1	0	SO_2881		
2969	2	0	SO_1441		
2970	2	0	SO_1494		
2971	2	0	SO_4344		
2972	2	0	SO_0069		
2973	2	0	SO_3980		
2974	2	0	SO_0061		
2975	2	0	SO_4677		
2976	1	0	SO_1168		
2977	2	0	SO_2354		
2978	2	0	SO_2902		
2979	2	0	SO_0412		
2980	2	0	SO_0399		
2981	2	0	SO_0781		
2982	2	0	SO_3117		
2983	2	0	SO_0249		
2984	2	0	SO_4583		
2985	1	0	SO_0409		
2986	1	0	SO_2907		
2987	2	0	SO_4480		
2988	2	0	SO_2085		
2989	2	0	SO_0709		
2990	1	0	SO_1521		
2991	1	0	SO_3203		
2992	0	1	SO_1844		
2993	2	0	SO_2882		
2994	2	0	SO_3546		
2995	2	0	SO_3715		
2996	1	0	SO_0772		
2997	2	0	SO_2279		
2998	2	0	SO_3183		
2999	2	0	SO_0479		
3000	2	0	SO_4247		
3001	2	2	SO_3075		
3002	2	0	SO_0605		
3003	2	0	SO_0201		
3004	2	0	SO_0224		
3005	2	0	SO_2626		
3006	2	1	SO_3601		
3007	2	0	SO_2753		
3008	1	0	SO_3560		
3009	2	0	SO_1519		
3010	2	2	SO_3942		
3011	0	1	SO_0035		
3012	2	0	SO_0007		
3013	1	0	SO_0929		
3014	2	0	SO_3991		
3015	1	0	SO_4499		
3016	2	0	SO_0235		
3017	2	0	SO_4787		
3018	2	0	SO_4345		
3019	2	1	SO_0013		
3020	2	0	SO_1149		
3021	1	0	SO_2907		
3022	2	1	SO_2905		
3023	0	1	SO_3250		
3024	2	1	SO_1209		
3025	2	0	SO_1408		
3026	2	1	SO_4511		
3027	2	0	SO_1414		
3028	1	0	SO_1187		
3029	1	0	SO_1824		
3030	2	0	SO_1418		
3031	2	1	SO_3480		
3032	2	0	SO_4557		
3033	2	1	SO_2014		
3034	1	0	SO_0228		
3035	2	0	SO_1256		
3036	2	0	SO_2844		
3037	2	0	SO_2679		
3038	1	0	SO_0525		
3039	1	0	SO_0167		
3040	0	1	SO_3714		
3041	2	1	SO_1928		
3042	2	0	SO_1650		
3043	1	0	SO_4732		
3044	2	0	SO_0605		
3045	1	0	SO_3471		
3046	2	0	SO_3618		
3047	1	0	SO_2903		
3048	1	0	SO_1523		
3049	2	0	SO_0777		
3050	1	0	SO_0826		
3051	2	0	SO_0432		
3052	1	0	SO_2877		
3053	2	0	SO_1779		
3054	2	0	SO_0258		
3055	2	0	SO_4793		
3056	1	0	SO_3238		
3056	1	0	SO_3237		
3057	2	0	SO_3222		
3058	2	0	SO_3494		
3059	2	0	SO_2629		
3060	1	0	SO_0086		
3061	2	0	SO_3440		
3062	2	0	SO_2123		
3063	2	0	SO_3084		
3064	2	0	SO_4370		
3065	1	0	SO_1295		
3066	2	0	SO_3084		
3067	1	0	SO_1690		
3068	2	0	SO_4403		
3069	1	0	SO_0719		
3070	2	0	SO_4093		
3071	2	0	SO_3895		
3072	2	0	SO_1576		
3073	2	1	SO_1921		
3074	2	0	SO_2684		
3075	2	0	SO_0075		
3076	1	0	SO_0254		
3077	2	0	SO_1929		
3078	2	0	SO_0837		
3079	2	0	SO_2215		
3080	2	0	SO_0254		
3081	2	0	SO_1473		
3081	2	0	SO_1030		
3082	2	0	SO_0432		
3083	1	0	SO_0224		
3084	2	0	SO_1495		
3085	2	0	SO_3514		
3086	1	0	SO_2787		
3087	2	0	SO_1758		
3088	2	0	SO_1880		
3089	2	0	SO_2445		
3090	2	0	SO_1196		
3091	2	0	SO_0121		
3092	1	0	SO_2654		
3093	2	0	SO_2592		
3094	1	0	SO_3525		
3095	2	0	SO_2108		
3096	1	0	SO_2835		
3097	1	0	SO_1357		
3098	2	0	SO_1471		
3099	2	0	SO_2746		
3100	2	0	SO_3361		
3101	2	0	SO_0577		
3102	2	0	SO_0066		
3103	2	0	SO_3848		
3104	2	0	SO_0380		
3105	1	0	SO_1797		
3106	2	0	SO_3800		
3107	2	0	SO_0417		
3108	2	0	SO_A0012		
3109	1	0	SO_3514		
3110	2	2	SO_2424		
3111	2	0	SO_0584		
3112	2	0	SO_3190		
3113	2	0	SO_3334		
3114	1	0	SO_1824		
3115	2	0	SO_4319		
3116	2	0	SO_2115		
3117	1	0	SO_2536		
3118	1	0	SO_0885		
3119	2	0	SO_2383		
3120	2	0	SO_0224		
3121	2	0	SO_2802		
3122	2	1	SO_3884		
3123	2	0	SO_3761		
3124	2	0	SO_2437		
3125	2	0	SO_1204		
3126	2	0	SO_1377		
3127	1	0	SO_1786		
3128	2	0	SO_4747		
3129	2	0	SO_1924		
3130	2	0	SO_3154		
3131	0	0	SO_0615		
3132	2	0	SO_3929		
3133	1	0	SO_0970		
3134	1	0	SO_1804		
3135	2	0	SO_1417		
3136	1	0	SO_1500		
3137	2	0	SO_A0089		
3138	2	0	SO_2268		
3139	2	0	SO_2014		
3140	1	0	SO_3956		
3141	2	0	SO_2906		
3142	2	0	SO_3072		
3143	1	0	SO_1153		
3144	2	0	SO_1824		
3145	1	0	SO_4425		
3146	2	0	SO_4245		
3147	0	1	SO_3312		
3148	2	0	SO_2301		
3149	2	0	SO_2981		
3150	2	0	SO_1630		
3151	2	0	SO_3144		
3152	2	0	SO_1180		
3153	2	0	SO_3471		
3154	1	0	SO_3204		
3155	1	0	SO_1898		
3156	2	0	SO_0518		
3157	1	0	SO_2525		
3158	2	0	SO_0247		
3159	2	0	SO_2485		
3160	2	0	SO_4194		
3161	2	0	SO_4621		
3162	2	1	SO_0243		
3163	2	1	SO_2068		
3164	0	1	SO_0725		
3165	2	0	SO_1642		
3166	2	0	SO_4763		
3167	2	0	SO_4465		
3168	2	0	SO_2175		
3169	0	1	SO_4367		
3170	2	0	SO_3927		
3171	2	0	SO_0506		
3172	1	0	SO_0229		
3172	1	0	SO_0217		
3173	2	0	Contaminant_CTRA_BOVIN		
3174	2	0	SO_4056		
3175	2	0	SO_0221		
3176	2	0	SO_0260		
3177	2	1	SO_3121		
3178	2	0	SO_0611		
3179	2	0	SO_3097		
3180	1	0	Contaminant_Trypa5		
3181	1	0	SO_4727		
3182	2	0	SO_1330		
3183	2	0	SO_2124		
3184	2	1	SO_3137		
3185	2	0	SO_3142		
3186	2	0	SO_2494		
3187	2	0	SO_4216		
3188	2	0	SO_1113		
3189	2	0	SO_0071		
3190	2	0	SO_3387		
3191	1	0	SO_2136		
3192	2	0	SO_1840		
3193	2	0	SO_3843		
3194	2	0	SO_2016		
3195	2	0	SO_2384		
3196	1	0	SO_1262		
3197	2	0	SO_4585		
3198	2	0	SO_0129		
3199	2	0	SO_2862		
3200	2	0	SO_0107		
3201	2	0	SO_0272		
3202	1	0	SO_0569		
3203	2	0	SO_1625		
3204	2	0	SO_0424		
3205	1	0	SO_2865		
3206	1	0	SO_0682		
3207	2	0	SO_0655		
3208	2	0	SO_3207		
3209	1	0	SO_2222		
3210	2	0	SO_0242		
3211	2	0	SO_2780		
3212	1	0	SO_4112		
3213	1	0	SO_3877		
3214	2	0	SO_0951		
3215	2	0	SO_0845		
3216	1	0	SO_0970		
3217	2	0	SO_0606		
3218	2	0	SO_3002		
3219	2	0	SO_2767		
3220	2	0	SO_2016		
3221	0	1	SO_2824		
3222	1	0	SO_2742		
3223	2	0	SO_4812		
3224	1	0	SO_0546		
3225	1	0	SO_2907		
3226	2	0	SO_A0045		
3227	2	0	SO_2445		
3228	2	0	SO_4227		
3229	2	0	SO_0432		
3230	2	0	SO_0131		
3231	2	0	SO_3172		
3232	2	0	SO_1039		
3233	2	0	SO_2006		
3234	2	0	SO_2469		
3235	1	0	SO_2402		
3236	2	0	SO_4465		
3237	2	0	SO_4252		
3238	2	0	SO_0055		
3239	2	0	SO_3426		
3240	2	0	SO_3221		
3241	1	0	SO_3308		
3242	2	0	SO_3195		
3243	1	0	SO_1044		
3244	0	1	SO_2881		
3245	2	1	SO_2666		
3246	1	0	SO_1473		
3247	1	0	SO_2629		
3248	1	0	SO_1793		
3249	1	0	SO_2402		
3250	2	0	SO_3525		
3251	0	1	SO_1924		
3252	2	1	SO_4538		
3253	2	0	SO_0319		
3254	2	1	SO_2204		
3255	1	0	SO_0223		
3256	2	0	SO_1926		
3257	2	0	SO_3294		
3258	0	1	SO_1924		
3259	2	0	SO_3200		
3260	2	1	SO_2655		
3261	2	0	SO_3951		
3262	2	0	SO_4625		
3263	2	0	SO_0756		
3264	2	0	SO_4705		
3265	2	0	SO_1912		
3266	2	0	SO_2116		
3267	2	0	SO_4129		
3268	2	0	SO_3269		
3269	2	0	SO_4318		
3270	2	1	SO_3799		
3271	2	0	SO_4179		
3272	1	0	SO_1450		
3273	1	0	SO_2935		
3274	1	0	SO_3542		
3275	2	0	SO_4343		
3276	2	0	SO_3506		
3277	2	0	SO_4758		
3278	2	0	SO_0633		
3279	2	0	SO_0059		
3280	2	0	SO_0624		
3281	2	1	SO_3557		
3282	1	0	SO_1793		
3283	2	0	SO_1309		
3284	2	0	SO_1104		
3285	2	0	SO_3681		
3286	1	0	SO_3539		
3287	1	0	SO_0818		
3288	2	0	SO_3023		
3289	1	0	SO_2903		
3290	2	0	SO_4699		
3291	2	0	SO_2140		
3292	1	0	Contaminant_TRYP_BOVIN		
3293	2	0	SO_0940		
3294	2	1	SO_4410		
3295	2	0	SO_0744		
3296	2	0	SO_4321		
3297	0	0	SO_4011		
3298	2	0	SO_2644		
3299	2	0	SO_0876		
3300	2	0	SO_2593		
3301	2	0	SO_3113		
3302	2	0	SO_2402		
3303	2	0	SO_4510		
3304	2	1	SO_1101		
3305	1	0	SO_2459		
3306	2	0	SO_1110		
3307	1	0	SO_0256		
3308	2	0	SO_3835		
3309	2	0	SO_3014		
3310	1	0	SO_0221		
3311	2	0	SO_3746		
3312	1	0	SO_3406		
3313	1	0	SO_1328		
3314	2	0	SO_4044		
3315	2	0	SO_1793		
3316	1	0	SO_2757		
3317	2	0	SO_0052		
3318	2	0	SO_2037		
3319	2	0	SO_1461		
3320	2	0	SO_4364		
3321	2	0	SO_2304		
3322	2	0	SO_1674		
3323	2	0	SO_3431		
3324	2	0	SO_3841		
3325	2	0	SO_1278		
3326	2	0	SO_1135		
3327	1	0	SO_0134		
3328	2	0	SO_4066		
3329	2	0	SO_0382		
3330	2	0	SO_2667		
3331	2	0	SO_1933		
3332	2	0	SO_4602		
3333	1	0	SO_4190		
3334	2	0	SO_2331		
3335	1	0	SO_2487		
3336	2	0	SO_0991		
3337	2	0	SO_A0004		
3338	2	0	SO_1271		
3339	2	0	SO_1558		
3340	2	1	SO_4673		
3341	2	0	SO_1793		
3342	0	1	SO_1360		
3343	2	0	SO_0250		
3344	2	1	SO_1144		
3345	2	0	SO_A0099		
3346	2	0	SO_0595		
3347	2	0	SO_4652		
3348	1	0	SO_4060		
3349	2	0	SO_2446		
3350	2	0	SO_2802		
3351	2	0	SO_0241		
3352	2	1	SO_0774		
3353	2	0	SO_1900		
3354	2	0	SO_3701		
3355	2	0	SO_4051		
3356	2	0	SO_0604		
3357	2	0	SO_0346		
3358	2	1	SO_2175		
3359	1	0	SO_2009		
3360	1	0	SO_3792		
3361	2	0	SO_0643		
3362	2	0	SO_0234		
3363	2	0	SO_0572		
3364	2	1	SO_2014		
3365	2	0	SO_3877		
3366	2	0	SO_4029		
3367	2	0	SO_2857		
3368	2	0	SO_4129		
3369	1	0	SO_1324		
3370	2	0	SO_4211		
3371	2	0	SO_4692		
3372	2	0	SO_2280		
3373	2	0	SO_3343		
3374	2	0	SO_1915		
3375	2	0	SO_3641		
3376	2	0	SO_1928		
3377	2	0	Contaminant_K2C1_HUMAN		
3378	2	0	SO_0856		
3379	2	0	SO_4741		
3380	2	0	SO_3726		
3381	2	0	SO_2630		
3382	2	0	SO_3287		
3383	2	0	SO_0527		
3384	1	0	SO_0699		
3385	2	0	SO_4599		
3386	2	0	SO_0840		
3387	2	0	SO_0624		
3388	2	0	SO_A0076		
3389	2	0	SO_3077		
3390	1	0	SO_1931		
3391	2	0	SO_4264		
3392	2	0	SO_4485		
3393	2	0	SO_0005		
3394	1	0	SO_4072		
3395	2	0	SO_0004		
3396	1	0	SO_1725		
3397	2	0	SO_2539		
3398	2	0	SO_1111		
3399	2	0	SO_3945		
3400	2	1	SO_2723		
3401	1	0	SO_2758		
3402	1	0	SO_2772		
3403	2	0	SO_0876		
3404	2	0	SO_4340		
3405	2	1	SO_1976		
3406	2	0	SO_1377		
3407	2	0	SO_1960		
3408	2	0	SO_0245		
3409	2	0	SO_0480		
3410	2	0	SO_3094		
3411	2	0	SO_3854		
3412	2	0	SO_4751		
3413	0	0	SO_2047		
3414	2	0	SO_0579		
3415	2	0	SO_3774		
3416	1	0	SO_0246		
3417	2	0	SO_1796		
3418	2	0	SO_1108		
3419	0	0	SO_0101		
3420	2	0	SO_1579		
3421	2	0	SO_2838		
3422	2	0	SO_1368		
3423	2	1	SO_0137		
3424	2	1	SO_0916		
3425	2	0	SO_4702		
3426	2	0	SO_1097		
3427	2	0	SO_1102		
3428	1	0	SO_3837		
3429	2	0	SO_0066		
3430	1	0	SO_2424		
3431	2	0	SO_3660		
3432	1	0	SO_1120		
3433	1	0	SO_3432		
3434	2	0	SO_1776		
3435	1	0	SO_0194		
3435	1	0	SO_1154		
3436	1	0	SO_0432		
3437	2	0	SO_1657		
3438	1	0	SO_1817		
3439	2	0	SO_0758		
3440	2	0	SO_4201		
3441	1	0	SO_3961		
3442	1	0	SO_0703		
3443	2	0	SO_0380		
3444	1	0	SO_3058		
3445	2	0	SO_1209		
3446	1	0	SO_0011		
3447	2	0	SO_1017		
3448	2	0	SO_0362		
3449	2	0	SO_1751		
3450	2	0	SO_3139		
3451	2	0	SO_0819		
3452	2	0	SO_4727		
3453	2	0	SO_A0153		
3454	2	0	SO_4758		
3455	2	0	SO_3617		
3456	1	0	SO_0308		
3457	2	0	SO_4151		
3458	2	0	SO_3815		
3459	2	0	SO_0247		
3460	2	0	SO_3165		
3461	1	0	SO_3940		
3462	2	0	SO_4341		
3463	1	0	SO_1534		
3464	0	1	SO_1952		
3465	2	0	SO_1405		
3466	2	0	SO_2507		
3467	1	0	SO_2787		
3468	1	0	SO_3714		
3469	1	0	SO_4383		
3470	2	0	SO_0025		
3471	2	0	SO_4217		
3472	2	0	SO_0427		
3473	2	0	SO_3356		
3474	2	1	SO_1393		
3475	1	0	SO_4344		
3476	2	0	SO_0095		
3477	1	0	SO_4328		
3478	2	0	SO_2856		
3479	2	0	SO_3780		
3480	2	0	SO_0709		
3481	1	0	SO_3935		
3482	2	0	SO_3316		
3483	1	0	SO_3918		
3484	2	1	SO_0238		
3485	1	0	SO_3974		
3486	2	0	SO_2396		
3487	2	0	SO_3033		
3488	2	0	SO_3637		
3489	2	0	SO_3003		
3490	1	0	SO_0343		
3491	2	0	SO_0258		
3492	1	0	SO_1810		
3493	2	1	SO_3900		
3494	1	0	SO_A0031		
3495	1	0	SO_2018		
3496	1	0	SO_2912		
3497	2	0	SO_3424		
3498	2	0	SO_0842		
3499	2	0	SO_3897		
3500	2	0	SO_4337		
3501	1	0	SO_4654		
3502	2	0	SO_4731		
3503	2	0	SO_0604		
3504	2	0	SO_4637		
3505	2	0	SO_3312		
3506	2	1	SO_2262		
3506	2	1	SO_0088		
3506	2	1	SO_1209		
3506	2	1	SO_3689		
3506	2	1	SO_3981		
3507	1	0	SO_1736		
3508	2	0	SO_1180		
3509	0	0	SO_1311		
3510	2	0	SO_2596		
3511	1	0	SO_1694		
3512	1	0	SO_1825		
3513	2	0	SO_1342		
3514	1	0	SO_0485		
3515	2	0	SO_0432		
3516	2	0	SO_1894		
3517	2	0	SO_2514		
3518	2	0	SO_2007		
3519	2	0	SO_3294		
3520	2	0	SO_1006		
3521	2	0	SO_1203		
3522	1	0	SO_2195		
3523	2	1	SO_2779		
3524	2	0	SO_0859		
3525	2	1	SO_3185		
3526	2	0	SO_1621		
3527	1	0	SO_0364		
3528	2	0	SO_2691		
3529	2	0	SO_2594		
3530	1	0	SO_A0072		
3531	1	0	SO_0606		
3532	2	1	SO_2082		
3533	2	0	SO_0306		
3534	1	0	SO_0229		
3534	1	0	SO_0217		
3535	2	0	SO_4266		
3536	2	0	SO_2116		
3537	2	1	SO_0225		
3538	2	1	SO_2914		
3539	2	0	SO_1264		
3540	2	0	SO_0705		
3541	2	0	SO_2143		
3542	2	0	SO_2145		
3543	2	1	SO_2945		
3544	2	0	SO_A0089		
3545	1	0	SO_0610		
3546	2	0	SO_4320		
3547	1	0	SO_2140		
3548	1	0	SO_4215		
3549	2	0	SO_0007		
3550	2	0	SO_2341		
3551	2	0	SO_0234		
3551	2	0	SO_3155		
3552	2	0	SO_1300		
3553	2	0	SO_3293		
3554	2	0	SO_1154		
3555	2	0	SO_0644		
3556	1	0	SO_0702		
3557	2	0	SO_4047		
3558	2	1	SO_3969		
3559	2	0	SO_0937		
3560	2	0	SO_4353		
3561	2	0	SO_A0050		
3562	2	0	SO_2229		
3563	1	0	SO_0610		
3564	1	0	SO_0970		
3565	1	0	SO_0545		
3566	2	0	SO_2799		
3567	2	0	SO_0325		
3568	2	0	SO_0680		
3569	2	0	SO_0841		
3570	2	0	SO_0066		
3571	2	0	SO_2894		
3572	2	0	SO_A0031		
3573	1	0	SO_4382		
3574	1	0	SO_2427		
3575	2	0	SO_2767		
3576	2	0	SO_4698		
3577	2	1	SO_0655		
3578	1	0	SO_1824		
3579	2	0	SO_1181		
3580	2	1	SO_1370		
3581	1	0	SO_4554		
3582	1	0	SO_4251		
3583	2	0	SO_2306		
3584	2	0	SO_1288		
3585	2	0	SO_4230		
3586	2	0	SO_A0077		
3587	2	0	SO_2418		
3587	2	0	SO_3360		
3587	2	0	SO_3823		
3587	2	0	SO_3878		
3587	2	0	SO_4284		
3587	2	0	SO_4497		
3587	2	0	SO_4534		
3588	2	0	SO_A0058		
3589	2	1	SO_1997		
3590	1	0	SO_2570		
3591	2	0	SO_2302		
3592	2	0	SO_3084		
3593	2	2	SO_4238		
3594	2	0	SO_3933		
3595	2	1	SO_2309		
3596	2	0	SO_4246		
3597	1	0	SO_3301		
3598	2	0	SO_2461		
3599	1	0	SO_0237		
3600	1	0	SO_3494		
3601	2	0	SO_2419		
3602	2	0	SO_0415		
3603	2	0	SO_1126		
3604	2	0	SO_0256		
3605	2	1	SO_3548		
3606	2	0	SO_0956		
3607	2	0	SO_0426		
3608	1	0	SO_3480		
3609	2	0	SO_4751		
3610	1	0	SO_4166		
3611	2	0	SO_0076		
3612	1	0	SO_2963		
3613	2	0	SO_0208		
3614	1	0	SO_4225		
3615	2	0	SO_3286		
3616	2	0	SO_A0048		
3617	2	0	SO_2785		
3618	1	0	SO_1197		
3619	1	0	SO_1286		
3620	2	0	SO_3436		
3621	1	0	SO_4506		
3622	2	0	SO_2959		
3623	2	0	SO_2398		
3624	1	0	SO_0781		
3625	1	0	SO_1539		
3626	2	0	SO_2889		
3627	1	0	SO_1145		
3628	2	0	SO_4653		
3629	1	0	SO_0165		
3630	2	0	SO_0106		
3631	1	0	SO_1144		
3632	1	0	SO_0062		
3633	2	0	SO_0471		
3634	2	0	SO_1627		
3635	2	0	SO_A0172		
3636	2	0	SO_4589		
3637	2	0	SO_1690		
3638	2	0	SO_1325		
3639	2	0	SO_0406		
3640	2	0	SO_4217		
3641	2	0	SO_3758		
3642	2	0	SO_1211		
3643	2	0	SO_4591		
3644	2	1	SO_1351		
3645	2	0	SO_4662		
3646	2	0	SO_4246		
3647	1	0	SO_1442		
3648	1	0	SO_4410		
3649	2	0	SO_2785		
3650	2	0	SO_2499		
3651	0	1	SO_1673		
3652	2	0	SO_4245		
3653	2	0	SO_3945		
3654	1	0	SO_0341		
3655	2	0	SO_1706		
3656	2	0	SO_3106		
3657	2	0	SO_1973		
3658	2	0	SO_2834		
3659	2	0	SO_3050		
3660	1	0	SO_3613		
3661	1	0	SO_3914		
3662	2	0	SO_0246		
3663	2	0	SO_4337		
3664	2	0	SO_1284		
3665	1	0	SO_0300		
3666	2	0	SO_3543		
3667	2	0	SO_2749		
3668	1	0	SO_4410		
3669	2	0	SO_2116		
3670	2	0	SO_3431		
3671	2	0	SO_0912		
3672	1	0	SO_2566		
3673	1	0	SO_0049		
3674	2	0	SO_4408		
3675	2	0	SO_2753		
3676	2	0	SO_4214		
3677	2	0	SO_1113		
3678	2	0	SO_2229		
3679	1	0	SO_1108		
3679	1	0	SO_0907		
3680	2	0	SO_1638		
3681	2	0	SO_4388		
3682	1	0	SO_4025		
3683	2	0	SO_4373		
3684	1	0	SO_3348		
3685	1	0	SO_2573		
3686	0	0	SO_3433		
3687	2	0	SO_3175		
3688	2	1	SO_3877		
3689	1	0	SO_0375		
3690	2	0	SO_4332		
3691	2	0	SO_1797		
3692	2	0	SO_0482		
3693	0	1	SO_3697		
3694	2	1	SO_4190		
3695	2	0	SO_0165		
3696	2	0	SO_0072		
3697	1	0	SO_3854		
3697	1	0	SO_3296		
3697	1	0	SO_A0120		
3698	2	0	SO_0388		
3699	2	0	SO_3867		
3700	2	0	SO_0382		
3701	1	0	SO_3457		
3702	2	0	SO_2495		
3703	2	0	SO_1599		
3704	2	0	SO_0885		
3705	2	0	SO_2533		
3706	2	0	SO_0014		
3707	2	1	SO_4251		
3708	2	2	SO_0816		
3709	1	0	SO_0984		
3710	2	0	SO_0709		
3711	2	0	SO_3538		
3712	2	0	SO_2255		
3713	1	0	SO_1185		
3714	2	0	SO_1561		
3715	1	0	SO_3509		
3716	2	0	SO_2654		
3717	2	0	SO_0221		
3718	2	0	SO_1233		
3719	2	0	SO_3294		
3720	2	0	SO_1233		
3721	2	0	SO_4661		
3722	2	1	SO_0105		
3723	2	0	SO_3382		
3724	2	0	SO_A0001		
3725	2	0	SO_1429		
3726	2	0	SO_4520		
3727	2	0	SO_0292		
3728	2	0	SO_4629		
3729	2	1	SO_3928		
3730	1	0	SO_1587		
3731	2	0	SO_0826		
3732	2	0	SO_2423		
3733	2	0	SO_3095		
3734	2	0	SO_2380		
3735	1	0	SO_0183		
3736	2	0	SO_0907		
3737	2	0	SO_3441		
3737	2	0	SO_2071		
3738	2	0	SO_2699		
3739	2	0	SO_1110		
3740	2	0	SO_0528		
3741	2	0	SO_1940		
3742	1	0	SO_0304		
3743	1	0	SO_1142		
3744	2	0	SO_2290		
3745	2	0	SO_3084		
3746	2	0	SO_3774		
3747	2	0	SO_0066		
3748	2	0	SO_0182		
3749	1	0	SO_2340		
3750	1	0	SO_A0050		
3751	2	0	SO_4513		
3752	2	0	SO_2745		
3753	2	0	SO_3945		
3754	2	0	SO_0572		
3755	2	0	SO_2450		
3756	2	0	SO_0373		
3757	2	0	SO_2147		
3758	2	0	SO_2215		
3759	1	0	SO_1606		
3760	2	0	SO_4218		
3761	2	0	SO_2559		
3762	2	1	SO_4258		
3763	1	0	SO_4568		
3764	2	0	SO_4356		
3765	2	0	SO_3125		
3766	2	0	SO_4042		
3767	2	0	SO_0620		
3768	1	0	SO_2719		
3769	2	0	SO_0651		
3770	2	0	SO_1831		
3771	1	0	SO_0440		
3772	2	0	SO_4732		
3773	2	2	SO_2977		
3774	2	0	SO_3155		
3775	1	0	SO_4781		
3776	2	0	SO_1679		
3777	2	1	SO_3867		
3778	2	0	SO_1363		
3779	1	0	SO_4203		
3780	2	1	SO_0238		
3781	2	0	SO_1354		
3782	1	0	SO_3168		
3783	2	0	SO_3685		
3784	2	1	SO_2610		
3785	1	0	SO_1104		
3786	1	0	SO_4286		
3787	1	0	SO_2646		
3788	1	0	SO_0225		
3789	2	0	SO_1500		
3790	2	0	SO_2021		
3791	2	0	SO_0520		
3792	2	0	SO_0614		
3793	2	2	SO_0278		
3794	2	0	SO_3833		
3795	1	0	SO_4144		
3796	1	0	SO_1931		
3797	2	0	SO_3808		
3798	2	2	SO_3180		
3799	2	1	SO_2304		
3800	2	0	SO_4805		
3801	1	0	SO_3113		
3802	2	0	SO_1204		
3803	2	0	SO_1802		
3804	2	0	SO_1135		
3805	2	1	SO_2350		
3806	2	0	SO_2098		
3807	2	0	SO_3829		
3808	2	0	SO_0073		
3809	2	0	SO_3923		
3810	2	0	SO_1881		
3811	2	0	SO_0876		
3812	2	0	SO_4598		
3813	1	0	SO_3683		
3814	1	0	SO_2907		
3815	1	0	SO_4720		
3816	2	0	SO_0730		
3817	2	0	SO_1211		
3818	2	0	SO_3411		
3819	1	0	SO_1793		
3820	2	0	SO_3437		
3821	1	0	SO_2884		
3822	2	0	SO_1252		
3823	2	0	SO_1252		
3824	1	0	SO_2808		
3825	2	0	SO_1325		
3826	1	0	SO_2907		
3827	2	0	SO_4440		
3828	2	1	SO_0987		
3829	2	0	SO_A0080		
3830	0	1	SO_3652		
3831	2	0	SO_4705		
3832	2	0	SO_0633		
3833	0	1	SO_1968		
3834	2	0	SO_4502		
3835	2	0	SO_2223		
3836	1	0	SO_0255		
3837	2	0	SO_0643		
3838	1	0	SO_0590		
3839	2	0	SO_0237		
3840	0	1	SO_0761		
3841	2	0	SO_2570		
3842	2	0	SO_2510		
3843	2	0	SO_1042		
3844	1	0	SO_2652		
3845	2	0	SO_0963		
3846	2	0	SO_2953		
3847	2	0	SO_2856		
3848	1	0	SO_3759		
3849	2	0	SO_4373		
3850	2	0	SO_0237		
3851	0	2	SO_1197		
3852	1	0	SO_4675		
3853	2	0	SO_0432		
3854	2	0	SO_1578		
3855	2	0	SO_4034		
3856	1	0	SO_3652		
3857	2	0	SO_0708		
3858	2	0	SO_A0154		
3859	2	0	SO_0672		
3860	2	0	SO_2494		
3861	2	0	SO_3973		
3862	2	0	SO_1000		
3863	2	0	SO_2132		
3864	1	0	SO_2107		
3865	2	0	SO_3174		
3866	2	0	SO_1315		
3867	2	0	SO_3045		
3868	1	0	SO_1506		
3869	1	0	SO_0225		
3870	1	0	SO_1463		
3871	1	0	SO_1016		
3872	1	0	SO_3971		
3873	2	0	SO_3471		
3874	2	0	SO_3165		
3875	1	0	Contaminant_K22E_HUMAN		
3875	1	0	Contaminant_K2C1_HUMAN		
3876	2	0	SO_2507		
3877	2	0	SO_2229		
3878	1	0	SO_3562		
3879	1	0	SO_0243		
3880	2	2	SO_0241		
3881	2	0	SO_3462		
3882	0	1	SO_3492		
3883	2	1	SO_4551		
3884	2	1	SO_2602		
3885	2	0	SO_0542		
3886	2	0	SO_1741		
3887	1	0	SO_0458		
3888	2	0	SO_A0138		
3888	2	0	SO_0076		
3889	2	0	SO_1070		
3890	2	0	SO_2588		
3891	2	0	SO_1531		
3892	2	0	SO_1046		
3893	1	0	SO_3898		
3894	1	0	SO_1170		
3895	2	0	SO_0950		
3896	0	1	SO_1808		
3897	1	0	SO_1302		
3898	2	0	SO_2936		
3899	2	0	SO_0546		
3900	2	0	SO_2792		
3901	2	0	SO_1399		
3902	2	0	SO_3120		
3903	2	0	SO_3006		
3904	2	0	SO_2644		
3905	2	0	SO_0765		
3906	2	0	SO_0668		
3907	2	0	SO_0413		
3908	1	0	SO_3310		
3909	2	0	SO_3914		
3910	2	0	SO_3419		
3911	2	0	SO_1743		
3912	2	0	SO_0424		
3913	2	0	SO_3192		
3914	2	0	SO_1388		
3915	2	0	SO_1480		
3916	0	1	SO_4556		
3917	2	0	SO_0619		
3918	2	0	SO_2320		
3919	1	0	SO_1127		
3920	2	0	SO_1579		
3921	2	1	SO_0231		
3922	1	0	SO_1432		
3923	1	0	SO_2101		
3924	2	0	SO_0425		
3925	2	0	SO_0220		
3926	2	0	SO_3386		
3927	2	0	SO_4210		
3928	2	0	SO_A0124		
3929	2	0	SO_2898		
3930	2	0	SO_2016		
3931	2	0	SO_1127		
3932	2	1	SO_4182		
3933	2	0	SO_2889		
3934	2	0	SO_1945		
3935	2	0	SO_3031		
3936	1	0	SO_4712		
3937	2	0	SO_2120		
3938	2	0	SO_4169		
3939	2	0	SO_3969		
3940	2	0	SO_1227		
3941	2	0	SO_2498		
3942	2	0	SO_1174		
3943	2	0	SO_4510		
3944	0	0	SO_1636		
3945	2	0	SO_3137		
3946	2	1	SO_3822		
3947	2	0	SO_0344		
3948	2	0	SO_0388		
3949	2	0	SO_2073		
3950	2	0	SO_0350		
3951	2	0	SO_4364		
3952	2	0	SO_1580		
3953	2	0	SO_1554		
3954	2	0	SO_1334		
3955	2	0	SO_0059		
3956	1	0	SO_3238		
3956	1	0	SO_3237		
3957	2	0	SO_1896		
3958	2	0	SO_1459		
3959	2	0	SO_0807		
3960	2	0	SO_1531		
3961	1	0	SO_1321		
3962	1	0	SO_4551		
3963	2	0	SO_1554		
3964	2	1	SO_3635		
3965	2	0	SO_1474		
3966	1	0	SO_1162		
3967	2	0	SO_1443		
3968	2	0	SO_0818		
3969	1	0	SO_2540		
3970	2	0	SO_3749		
3971	2	0	SO_0967		
3972	2	1	SO_2625		
3973	2	0	SO_4600		
3974	1	0	SO_4737		
3975	2	1	SO_1627		
3976	2	0	SO_1036		
3977	2	1	SO_1085		
3978	1	0	SO_3960		
3979	2	0	SO_1217		
3980	1	0	SO_1820		
3981	2	1	SO_3007		
3982	2	0	SO_4215		
3983	2	0	SO_1534		
3984	2	1	SO_3822		
3985	2	0	SO_1258		
3986	1	0	SO_2162		
3987	2	0	SO_3424		
3988	2	2	SO_3627		
3989	1	0	SO_2116		
3990	1	0	SO_2236		
3991	2	0	SO_0604		
3992	2	0	SO_2434		
3993	2	0	SO_3389		
3994	2	1	SO_4134		
3995	1	0	SO_2866		
3996	2	0	SO_4649		
3997	2	1	SO_2083		
3998	2	1	SO_0567		
3999	2	0	SO_2934		
4000	2	0	SO_1093		
4000	2	0	SO_4135		
4001	2	0	SO_0032		
4002	2	0	SO_0363		
4003	1	0	SO_4468		
4004	2	0	SO_2593		
4005	1	0	SO_0221		
4006	2	0	SO_4515		
4007	1	0	SO_2501		
4008	1	0	SO_0575		
4009	2	1	SO_0206		
4010	2	0	SO_1142		
4011	2	0	SO_0658		
4012	2	0	SO_3423		
4013	2	0	SO_3760		
4014	2	0	SO_4682		
4015	1	0	SO_0821		
4016	1	0	SO_1825		
4017	2	0	SO_3815		
4018	1	0	SO_0968		
4019	1	0	SO_0234		
4020	2	0	SO_0056		
4021	2	0	SO_3456		
4022	2	0	SO_3421		
4023	1	0	SO_4747		
4024	2	0	SO_2834		
4025	2	0	SO_1997		
4026	1	0	SO_3175		
4027	2	0	SO_1786		
4028	1	0	SO_0503		
4029	2	0	SO_4586		
4030	2	0	SO_3894		
4031	2	0	SO_1745		
4032	2	0	SO_0349		
4033	2	0	SO_1409		
4034	1	0	SO_1524		
4035	2	0	SO_1915		
4036	2	0	SO_4592		
4037	2	0	SO_3539		
4038	2	0	SO_3386		
4039	1	0	SO_0291		
4040	2	0	SO_0988		
4041	2	1	SO_1658		
4042	2	0	SO_4682		
4043	2	0	SO_3391		
4044	2	0	SO_1430		
4045	1	0	SO_4079		
4046	1	0	SO_2222		
4047	2	0	SO_1531		
4048	1	0	SO_3042		
4048	1	0	SO_A0081		
4049	2	0	SO_1602		
4050	2	0	SO_A0139		
4051	2	0	SO_2929		
4052	2	2	SO_2617		
4053	2	0	SO_4220		
4054	2	0	SO_0598		
4055	2	0	SO_4094		
4056	1	0	SO_2758		
4057	1	0	SO_3091		
4058	2	0	SO_1680		
4059	2	0	SO_1019		
4060	2	0	SO_2188		
4061	2	0	SO_0948		
4062	1	0	SO_0431		
4063	1	0	SO_2601		
4064	2	0	SO_2717		
4065	2	0	SO_1003		
4066	2	1	SO_3642		
4067	2	0	SO_A0061		
4068	2	0	SO_0437		
4069	1	0	SO_A0126		
4070	2	0	SO_0600		
4071	1	0	SO_3119		
4072	2	0	SO_2758		
4073	2	0	Contaminant_TRYP_BOVIN		
4074	2	0	SO_3933		
4075	2	2	SO_1569		
4076	2	1	SO_0071		
4077	1	0	SO_1744		
4078	2	0	SO_2555		
4079	2	0	SO_2373		
4080	2	0	SO_4020		
4081	2	1	SO_2999		
4082	1	0	SO_4098		
4083	1	0	SO_4528		
4084	2	1	SO_3278		
4085	1	0	SO_2427		
4085	1	0	SO_A0183		
4086	2	0	SO_3577		
4087	1	0	SO_4102		
4088	2	0	SO_1642		
4089	2	0	SO_1997		
4090	2	1	SO_3513		
4091	2	0	SO_3004		
4092	0	1	SO_0850		
4092	0	1	SO_0895		
4092	0	1	SO_3269		
4093	0	1	SO_1962		
4094	2	0	SO_1629		
4095	1	0	SO_1034		
4096	2	0	SO_3430		
4097	2	0	SO_0647		
4098	2	0	SO_0220		
4099	2	0	SO_1572		
4100	2	0	SO_3361		
4101	2	1	SO_2898		
4102	2	0	SO_0275		
4103	1	0	SO_1630		
4104	1	0	SO_1165		
4105	2	0	SO_3367		
4106	1	0	SO_2907		
4107	1	0	SO_2054		
4108	1	0	SO_1161		
4109	2	0	SO_2088		
4110	1	0	SO_1747		
4111	2	0	SO_3002		
4112	2	0	SO_0742		
4113	1	0	SO_0300		
4114	2	0	SO_1811		
4115	2	0	SO_3338		
4116	1	0	SO_3943		
4117	2	0	SO_3924		
4118	1	0	SO_2013		
4119	2	0	SO_2838		
4120	2	0	SO_3089		
4121	2	0	SO_3258		
4122	2	0	SO_2857		
4123	1	0	SO_3002		
4124	2	0	SO_0204		
4125	2	0	SO_4456		
4126	1	0	SO_0234		
4127	1	0	SO_1824		
4128	2	0	SO_0139		
4129	2	0	SO_2402		
4130	2	0	SO_0341		
4131	2	0	SO_2653		
4132	2	0	SO_4686		
4133	2	0	SO_1766		
4134	2	0	SO_1708		
4135	1	0	SO_2424		
4136	0	1	SO_0282		
4137	1	0	SO_0830		
4138	2	0	SO_A0138		
4139	2	0	SO_1209		
4140	2	0	SO_4734		
4141	2	0	SO_2016		
4142	1	0	SO_0066		
4143	2	0	SO_1699		
4144	2	0	SO_1551		
4145	2	1	SO_0932		
4146	2	0	SO_3351		
4147	1	0	SO_1911		
4148	2	0	SO_0207		
4149	1	0	SO_2906		
4150	2	0	SO_2288		
4151	1	0	SO_4347		
4152	1	0	SO_4177		
4153	2	0	SO_0930		
4154	2	0	SO_3136		
4155	2	0	SO_4003		
4156	2	0	SO_3317		
4157	2	0	SO_0426		
4158	1	0	SO_4265		
4159	2	1	SO_3206		
4160	1	0	SO_3990		
4161	2	0	SO_4669		
4162	2	0	SO_2098		
4163	2	0	SO_1697		
4164	1	0	SO_4806		
4165	2	0	SO_3838		
4166	2	0	SO_3550		
4167	1	0	SO_2609		
4168	2	0	SO_0407		
4169	2	0	SO_1265		
4170	2	0	SO_1356		
4171	2	0	SO_2690		
4172	2	0	SO_0141		
4173	2	0	SO_4135		
4173	2	0	SO_1093		
4174	2	1	SO_1657		
4175	1	0	SO_1529		
4176	2	1	SO_1834		
4177	2	0	SO_0342		
4178	1	0	SO_0575		
4179	2	0	SO_1093		
4179	2	0	SO_4135		
4180	1	0	SO_1174		
4181	2	0	SO_0174		
4182	1	0	SO_0373		
4183	2	0	SO_2792		
4184	1	0	SO_3865		
4185	2	0	SO_1699		
4186	2	0	SO_1651		
4187	1	0	SO_4591		
4188	2	0	SO_A0017		
4189	2	0	SO_1230		
4190	1	0	SO_3552		
4191	2	1	SO_3611		
4192	1	0	SO_1898		
4193	2	0	SO_1268		
4194	2	1	SO_3601		
4195	2	0	SO_3545		
4196	2	0	SO_0233		
4197	2	1	SO_3474		
4198	2	0	SO_0859		
4199	1	0	SO_4678		
4200	2	0	SO_3906		
4201	2	0	SO_0520		
4202	2	1	SO_1245		
4203	2	0	SO_3432		
4204	2	0	SO_2539		
4205	2	0	SO_4428		
4206	2	0	SO_0383		
4207	1	0	SO_A0105		
4207	1	0	SO_A0063		
4208	1	0	SO_1952		
4209	1	0	SO_1081		
4210	1	0	SO_2432		
4211	2	0	SO_3745		
4212	2	0	SO_2191		
4213	2	0	SO_4670		
4214	2	1	SO_1617		
4215	2	0	SO_1883		
4216	2	0	SO_0783		
4217	2	0	SO_2544		
4218	2	0	SO_1377		
4219	2	0	SO_2043		
4220	0	1	SO_2508		
4221	2	0	SO_4062		
4222	2	0	SO_0380		
4223	2	0	SO_0467		
4224	2	0	SO_1059		
4225	2	0	SO_4319		
4226	2	0	SO_3984		
4227	2	0	SO_3315		
4228	0	1	SO_4292		
4229	2	0	SO_2654		
4230	1	0	SO_2634		
4231	2	0	SO_0467		
4232	1	0	SO_2116		
4233	1	0	SO_4544		
4234	2	0	SO_4648		
4235	2	1	SO_A0047		
4236	2	0	SO_2784		
4237	2	0	SO_3309		
4238	1	0	SO_0859		
4239	1	0	SO_1928		
4240	2	0	SO_3838		
4241	1	0	SO_1522		
4242	1	0	SO_0095		
4243	2	0	SO_1870		
4244	1	0	SO_1271		
4245	1	0	SO_1524		
4246	2	0	SO_3169		
4247	2	0	SO_0105		
4248	1	0	SO_0484		
4249	1	0	SO_2897		
4250	1	0	SO_4302		
4251	1	0	SO_3834		
4252	1	0	SO_0569		
4253	2	0	SO_4724		
4254	2	0	SO_A0049		
4255	1	0	SO_3285		
4256	1	0	SO_2359		
4257	1	0	SO_2902		
4258	1	0	SO_0555		
4259	1	0	SO_4327		
4260	1	0	SO_1236		
4261	2	1	SO_1044		
4262	1	0	SO_0544		
4263	2	0	SO_0885		
4264	2	1	SO_3366		
4265	1	0	SO_3941		
4266	2	1	SO_0405		
4267	1	0	SO_3136		
4268	2	0	SO_1915		
4269	2	0	SO_1429		
4270	2	0	SO_3432		
4271	1	0	SO_3275		
4272	2	0	SO_0842		
4273	2	0	SO_3812		
4274	2	0	SO_3542		
4275	1	0	SO_0162		
4276	2	0	SO_1156		
4277	1	0	SO_2932		
4278	1	0	SO_1016		
4279	2	0	SO_4682		
4280	2	0	SO_2102		
4281	2	0	SO_0399		
4282	2	0	SO_1820		
4283	2	0	SO_1744		
4284	1	0	SO_1776		
4285	2	1	SO_2037		
4286	2	0	SO_0110		
4287	2	0	SO_0644		
4288	2	0	SO_3367		
4289	2	0	SO_4390		
4289	2	0	SO_0146		
4289	2	0	SO_1244		
4289	2	0	SO_3499		
4289	2	0	SO_4272		
4289	2	0	SO_4432		
4290	1	0	SO_2355		
4291	2	0	SO_2149		
4292	2	0	SO_3627		
4293	2	1	SO_4216		
4294	2	0	SO_3071		
4295	1	0	SO_0066		
4296	2	0	SO_1385		
4297	1	0	SO_3584		
4298	2	0	SO_2411		
4299	1	0	SO_2644		
4300	1	0	SO_1795		
4301	1	0	SO_1779		
4302	2	0	SO_4306		
4303	1	0	SO_0387		
4304	2	0	SO_1664		
4305	1	0	SO_2776		
4306	2	0	SO_3550		
4307	2	0	SO_2951		
4308	1	0	SO_1769		
4309	2	0	SO_3308		
4310	2	0	SO_1626		
4311	2	0	SO_0945		
4312	2	0	SO_2498		
4313	2	0	SO_3700		
4314	2	0	SO_4669		
4315	2	0	SO_4371		
4316	0	1	SO_1703		
4317	2	1	SO_0169		
