Result_ID	Unique_Seq_ID
1	1
2	2
3	3
4	1
5	4
6	5
7	6
8	7
9	8
10	9
11	10
12	11
13	12
14	13
15	14
16	15
17	15
18	16
19	17
20	18
21	19
22	20
23	21
24	22
25	23
26	24
27	25
28	26
29	27
30	28
31	29
32	30
33	31
34	32
35	33
36	34
37	20
38	35
39	35
40	36
41	37
42	38
43	39
44	40
45	41
46	42
47	43
48	44
49	45
50	46
51	47
52	48
53	49
54	6
55	42
56	50
57	51
58	52
59	53
60	54
61	55
62	1
63	56
64	57
65	58
66	59
67	60
68	61
69	12
70	62
71	63
72	64
73	65
74	66
75	67
76	68
77	69
78	70
79	71
80	72
81	73
82	74
83	75
84	76
85	50
86	77
87	78
88	79
89	80
90	81
91	82
92	83
93	84
94	85
95	86
96	87
97	88
98	88
99	89
100	90
101	91
102	92
103	92
104	93
105	94
106	95
107	96
108	97
109	98
110	99
111	100
112	101
113	102
114	103
115	93
116	104
117	105
118	102
119	106
120	107
121	108
122	109
123	110
124	10
125	111
126	112
127	113
128	114
129	115
130	65
131	116
132	117
133	118
134	119
135	120
136	121
137	122
138	27
139	123
140	124
141	125
142	126
143	127
144	128
145	129
146	107
147	130
148	87
149	131
150	98
151	132
152	133
153	134
154	135
155	136
156	137
157	56
158	56
159	138
160	139
161	140
162	141
163	142
164	143
165	144
166	145
167	146
168	147
169	148
170	84
171	149
172	1
173	64
174	150
175	151
176	152
177	153
178	111
179	154
180	83
181	155
182	156
183	156
184	157
185	158
186	105
187	105
188	159
189	105
190	160
191	161
192	162
193	163
194	164
195	165
196	166
197	167
198	168
199	169
200	170
201	112
202	171
203	172
204	173
205	41
206	174
207	175
208	176
209	102
210	177
211	178
212	179
213	180
214	181
215	182
216	183
217	184
218	185
219	186
220	187
221	188
222	189
223	165
224	165
225	190
226	191
227	37
228	192
229	189
230	193
231	194
232	195
233	196
234	197
235	198
236	199
237	200
238	201
239	202
240	203
241	204
242	74
243	205
244	206
245	207
246	208
247	209
248	210
249	179
250	211
251	212
252	213
253	213
254	214
255	215
256	216
257	216
258	217
259	218
260	219
261	220
262	221
263	222
264	223
265	224
266	225
267	225
268	226
269	227
270	228
271	229
272	229
273	230
274	231
275	232
276	233
277	234
278	234
279	235
280	236
281	237
282	62
283	238
284	239
285	240
286	241
287	153
288	242
289	243
290	7
291	244
292	245
293	246
294	247
295	248
296	229
297	249
298	250
299	251
300	252
301	253
302	254
303	255
304	256
305	41
306	257
307	258
308	259
309	260
310	260
311	261
312	262
313	263
314	264
315	265
316	266
317	267
318	153
319	268
320	269
321	270
322	271
323	272
324	273
325	35
326	39
327	274
328	275
329	276
330	277
331	246
332	246
333	278
334	279
335	280
336	281
337	282
338	37
339	37
340	283
341	284
342	285
343	6
344	286
345	287
346	288
347	288
348	289
349	290
350	291
351	292
352	293
353	294
354	295
355	296
356	296
357	297
358	298
359	299
360	300
361	37
362	301
363	302
364	303
365	304
366	151
367	305
368	306
369	307
370	308
371	309
372	310
373	311
374	312
375	313
376	313
377	314
378	315
379	316
380	317
381	318
382	319
383	320
384	320
385	321
386	41
387	322
388	323
389	89
390	324
391	325
392	326
393	176
394	327
395	328
396	329
397	330
398	331
399	332
400	224
401	224
402	333
403	334
404	335
405	336
406	337
407	338
408	339
409	340
410	341
411	342
412	343
413	344
414	345
415	346
416	347
417	277
418	348
419	56
420	198
421	349
422	350
423	351
424	352
425	353
426	354
427	355
428	356
429	357
430	358
431	359
432	360
433	193
434	193
435	268
436	193
437	193
438	361
439	193
440	362
441	363
442	364
443	364
444	365
445	366
446	367
447	368
448	369
449	370
450	371
451	372
452	373
453	374
454	375
455	376
456	377
457	288
458	378
459	379
460	380
461	373
462	381
463	382
464	383
465	383
466	384
467	384
468	385
469	386
470	224
471	387
472	388
473	366
474	389
475	390
476	391
477	378
478	392
479	393
480	394
481	395
482	396
483	397
484	377
485	377
486	398
487	399
488	400
489	401
490	402
491	403
492	404
493	405
494	105
495	406
496	407
497	408
498	409
499	327
500	410
501	411
502	412
503	284
504	413
505	359
506	414
507	415
508	416
509	417
510	418
511	193
512	193
513	193
514	193
515	419
516	420
517	421
518	422
519	423
520	424
521	425
522	349
523	426
524	427
525	428
526	429
527	430
528	116
529	431
530	432
531	433
532	434
533	185
534	275
535	435
536	436
537	395
538	289
539	76
540	361
541	361
542	437
543	438
544	439
545	440
546	441
547	442
548	443
549	444
550	445
551	446
552	142
553	142
554	447
555	448
556	449
557	450
558	451
559	452
560	452
561	453
562	454
563	455
564	456
565	104
566	96
567	457
568	458
569	459
570	460
571	44
572	461
573	462
574	462
575	361
576	463
577	464
578	465
579	466
580	467
581	468
582	327
583	469
584	470
585	471
586	472
587	473
588	474
589	475
590	476
591	477
592	478
593	383
594	479
595	480
596	481
597	482
598	483
599	484
600	485
601	240
602	486
603	487
604	488
605	489
606	490
607	491
608	492
609	93
610	191
611	493
612	494
613	495
614	496
615	497
616	498
617	499
618	500
619	500
620	501
621	502
622	503
623	504
624	505
625	506
626	395
627	7
628	507
629	508
630	509
631	510
632	511
633	512
634	513
635	514
636	397
637	515
638	215
639	516
640	517
641	518
642	135
643	519
644	520
645	521
646	522
647	90
648	523
649	524
650	525
651	526
652	527
653	528
654	529
655	530
656	531
657	37
658	532
659	533
660	534
661	535
662	536
663	256
664	537
665	538
666	539
667	540
668	541
669	542
670	543
671	544
672	545
673	546
674	304
675	304
676	27
677	547
678	548
679	549
680	550
681	551
682	552
683	553
684	554
685	555
686	556
687	275
688	557
689	558
690	559
691	560
692	561
693	562
694	563
695	564
696	153
697	565
698	566
699	567
700	568
701	569
702	570
703	571
704	572
705	573
706	574
707	575
708	576
709	577
710	578
711	579
712	91
713	472
714	580
715	581
716	582
717	582
718	153
719	153
720	583
721	584
722	585
723	9
724	586
725	519
726	587
727	588
728	63
729	589
730	590
731	591
732	489
733	592
734	593
735	594
736	594
737	595
738	596
739	597
740	598
741	184
742	377
743	599
744	37
745	137
746	495
747	161
748	600
749	601
750	44
751	360
752	602
753	603
754	604
755	605
756	81
757	606
758	246
759	570
760	607
761	608
762	609
763	610
764	611
765	612
766	613
767	614
768	615
769	616
770	112
771	112
772	617
773	618
774	619
775	523
776	620
777	116
778	621
779	622
780	622
781	623
782	624
783	377
784	455
785	625
786	626
787	232
788	361
789	627
790	628
791	629
792	630
793	631
794	632
795	633
796	634
797	634
798	635
799	636
800	637
801	638
802	639
803	526
804	640
805	641
806	642
807	643
808	644
809	645
810	646
811	489
812	647
813	648
814	649
815	650
816	10
817	651
818	652
819	653
820	654
821	225
822	655
823	9
824	615
825	656
826	656
827	657
828	658
829	659
830	660
831	661
832	662
833	663
834	664
835	665
836	90
837	193
838	666
839	89
840	667
841	668
842	669
843	164
844	670
845	671
846	672
847	673
848	674
849	526
850	675
851	676
852	384
853	432
854	677
855	678
856	57
857	679
858	680
859	681
860	682
861	23
862	683
863	684
864	217
865	685
866	490
867	686
868	687
869	652
870	193
871	688
872	30
873	689
874	690
875	691
876	692
877	184
878	693
879	153
880	694
881	695
882	696
883	697
884	243
885	288
886	698
887	698
888	699
889	600
890	700
891	701
892	702
893	703
894	704
895	705
896	706
897	707
898	708
899	709
900	700
901	710
902	711
903	712
904	713
905	714
906	715
907	716
908	717
909	718
910	570
911	719
912	720
913	721
914	722
915	723
916	724
917	514
918	725
919	726
920	727
921	728
922	729
923	730
924	731
925	662
926	677
927	732
928	600
929	733
930	636
931	734
932	735
933	326
934	736
935	737
936	738
937	739
938	740
939	741
940	742
941	688
942	743
943	744
944	745
945	746
946	747
947	574
948	588
949	600
950	748
951	749
952	750
953	751
954	741
955	752
956	753
957	754
958	755
959	756
960	728
961	757
962	288
963	758
964	759
965	551
966	760
967	9
968	9
969	5
970	761
971	762
972	763
973	764
974	765
975	766
976	767
977	768
978	395
979	769
980	770
981	771
982	193
983	772
984	773
985	774
986	775
987	776
988	777
989	778
990	779
991	328
992	780
993	142
994	781
995	600
996	782
997	783
998	784
999	785
1000	786
1001	787
1002	788
1003	789
1004	790
1005	517
1006	468
1007	791
1008	492
1009	600
1010	792
1011	793
1012	600
1013	600
1014	794
1015	582
1016	795
1017	796
1018	190
1019	190
1020	797
1021	797
1022	798
1023	799
1024	800
1025	801
1026	802
1027	141
1028	142
1029	803
1030	787
1031	804
1032	805
1033	806
1034	807
1035	808
1036	809
1037	810
1038	811
1039	344
1040	812
1041	813
1042	814
1043	815
1044	816
1045	526
1046	817
1047	817
1048	202
1049	818
1050	569
1051	2
1052	670
1053	819
1054	94
1055	232
1056	820
1057	270
1058	821
1059	822
1060	823
1061	824
1062	825
1063	410
1064	826
1065	827
1066	828
1067	829
1068	830
1069	831
1070	832
1071	833
1072	135
1073	834
1074	835
1075	836
1076	837
1077	838
1078	839
1079	840
1080	841
1081	842
1082	843
1083	154
1084	639
1085	844
1086	845
1087	846
1088	847
1089	848
1090	849
1091	850
1092	851
1093	852
1094	489
1095	853
1096	854
1097	855
1098	856
1099	857
1100	858
1101	859
1102	860
1103	257
1104	861
1105	861
1106	862
1107	391
1108	776
1109	658
1110	863
1111	566
1112	864
1113	865
1114	866
1115	623
1116	867
1117	868
1118	698
1119	869
1120	870
1121	871
1122	872
1123	873
1124	874
1125	875
1126	876
1127	877
1128	878
1129	879
1130	527
1131	880
1132	881
1133	623
1134	882
1135	883
1136	884
1137	885
1138	681
1139	886
1140	887
1141	888
1142	889
1143	529
1144	890
1145	891
1146	892
1147	893
1148	776
1149	894
1150	603
1151	895
1152	895
1153	896
1154	897
1155	898
1156	899
1157	900
1158	901
1159	902
1160	761
1161	903
1162	904
1163	905
1164	906
1165	907
1166	908
1167	601
1168	909
1169	910
1170	911
1171	912
1172	913
1173	914
1174	915
1175	916
1176	917
1177	918
1178	919
1179	920
1180	688
1181	23
1182	921
1183	914
1184	922
1185	923
1186	112
1187	924
1188	776
1189	925
1190	568
1191	926
1192	927
1193	928
1194	929
1195	930
1196	931
1197	932
1198	933
1199	934
1200	935
1201	936
1202	377
1203	937
1204	938
1205	939
1206	940
1207	941
1208	942
1209	943
1210	764
1211	944
1212	945
1213	946
1214	947
1215	948
1216	731
1217	837
1218	949
1219	950
1220	89
1221	238
1222	951
1223	952
1224	953
1225	934
1226	795
1227	493
1228	954
1229	955
1230	956
1231	957
1232	957
1233	958
1234	959
1235	960
1236	961
1237	962
1238	963
1239	890
1240	964
1241	965
1242	966
1243	967
1244	968
1245	969
1246	970
1247	971
1248	971
1249	972
1250	532
1251	532
1252	973
1253	974
1254	975
1255	976
1256	977
1257	978
1258	979
1259	980
1260	981
1261	982
1262	983
1263	984
1264	985
1265	915
1266	915
1267	986
1268	987
1269	988
1270	989
1271	990
1272	991
1273	992
1274	993
1275	994
1276	995
1277	353
1278	117
1279	996
1280	997
1281	998
1282	999
1283	1000
1284	1001
1285	1002
1286	1003
1287	1004
1288	915
1289	915
1290	1005
1291	1006
1292	1007
1293	173
1294	1008
1295	1009
1296	914
1297	1010
1298	568
1299	1011
1300	1012
1301	1013
1302	600
1303	42
1304	42
1305	1014
1306	936
1307	1015
1308	1016
1309	1017
1310	224
1311	1018
1312	737
1313	288
1314	1019
1315	1020
1316	1021
1317	1022
1318	688
1319	909
1320	1023
1321	1024
1322	838
1323	1025
1324	1026
1325	285
1326	1027
1327	1028
1328	964
1329	1029
1330	1030
1331	1031
1332	952
1333	575
1334	1032
1335	1033
1336	1034
1337	865
1338	1035
1339	1036
1340	1037
1341	1038
1342	1039
1343	1040
1344	1041
1345	1042
1346	1043
1347	1044
1348	1045
1349	558
1350	224
1351	1046
1352	608
1353	600
1354	600
1355	1047
1356	1048
1357	883
1358	1049
1359	1050
1360	1051
1361	1052
1362	1053
1363	1054
1364	1055
1365	862
1366	1056
1367	296
1368	1057
1369	1058
1370	1059
1371	867
1372	1060
1373	1061
1374	1062
1375	1063
1376	27
1377	373
1378	1064
1379	1065
1380	596
1381	68
1382	422
1383	1066
1384	116
1385	1067
1386	1068
1387	1069
1388	1070
1389	1071
1390	1072
1391	829
1392	251
1393	1008
1394	1073
1395	1074
1396	1075
1397	1076
1398	1077
1399	1078
1400	165
1401	1079
1402	259
1403	377
1404	979
1405	1080
1406	1081
1407	1082
1408	1083
1409	1084
1410	29
1411	915
1412	1085
1413	1086
1414	1087
1415	1088
1416	1089
1417	126
1418	887
1419	911
1420	1090
1421	1091
1422	1092
1423	1093
1424	1094
1425	149
1426	1095
1427	1096
1428	838
1429	1097
1430	1098
1431	933
1432	1099
1433	1100
1434	1101
1435	1102
1436	37
1437	1103
1438	1104
1439	829
1440	829
1441	21
1442	529
1443	1105
1444	1106
1445	1107
1446	829
1447	976
1448	1108
1449	1109
1450	1110
1451	278
1452	838
1453	1111
1454	1112
1455	979
1456	1113
1457	1114
1458	1115
1459	425
1460	1116
1461	1117
1462	1118
1463	288
1464	760
1465	1119
1466	1120
1467	20
1468	1121
1469	1122
1470	1123
1471	1124
1472	1125
1473	1126
1474	1127
1475	1128
1476	1129
1477	1130
1478	1131
1479	78
1480	1132
1481	1133
1482	1134
1483	1135
1484	1136
1485	1047
1486	1137
1487	1138
1488	165
1489	727
1490	9
1491	1139
1492	1140
1493	1141
1494	1142
1495	1143
1496	1144
1497	1145
1498	1146
1499	407
1500	1100
1501	1147
1502	1148
1503	1149
1504	792
1505	1150
1506	1151
1507	1152
1508	1153
1509	1154
1510	1155
1511	1156
1512	1157
1513	1158
1514	9
1515	540
1516	1152
1517	1159
1518	1088
1519	1160
1520	1161
1521	1162
1522	1163
1523	1164
1524	1165
1525	1165
1526	534
1527	534
1528	1166
1529	1167
1530	1168
1531	1169
1532	1169
1533	768
1534	955
1535	1170
1536	1171
1537	1172
1538	1172
1539	1173
1540	1174
1541	1165
1542	1175
1543	1176
1544	395
1545	1177
1546	1178
1547	1179
1548	1180
1549	1181
1550	1182
1551	1183
1552	1183
1553	1184
1554	1185
1555	1186
1556	1187
1557	1188
1558	153
1559	1189
1560	1190
1561	1191
1562	1192
1563	1193
1564	268
1565	1194
1566	247
1567	189
1568	1195
1569	1098
1570	1196
1571	1197
1572	1198
1573	1199
1574	1200
1575	1201
1576	1117
1577	1202
1578	1202
1579	1203
1580	1204
1581	1205
1582	1206
1583	1207
1584	1192
1585	16
1586	1208
1587	1209
1588	1210
1589	1211
1590	1212
1591	1213
1592	1214
1593	1215
1594	1216
1595	1217
1596	608
1597	1218
1598	1219
1599	1220
1600	1221
1601	1222
1602	1223
1603	1224
1604	1225
1605	1226
1606	1227
1607	1228
1608	1229
1609	1006
1610	1006
1611	1230
1612	1231
1613	1232
1614	1233
1615	1202
1616	1234
1617	1235
1618	1236
1619	948
1620	936
1621	936
1622	1237
1623	1238
1624	1043
1625	1239
1626	969
1627	613
1628	1240
1629	1241
1630	1242
1631	7
1632	1243
1633	1244
1634	534
1635	1245
1636	1246
1637	1247
1638	1248
1639	1248
1640	260
1641	622
1642	1249
1643	1249
1644	395
1645	395
1646	1250
1647	1251
1648	1001
1649	432
1650	1252
1651	1253
1652	163
1653	851
1654	1254
1655	1255
1656	1256
1657	1257
1658	1258
1659	1259
1660	1260
1661	190
1662	1261
1663	1262
1664	1128
1665	954
1666	348
1667	1263
1668	1264
1669	1265
1670	915
1671	915
1672	1266
1673	1100
1674	1267
1675	1268
1676	1269
1677	1270
1678	1271
1679	1272
1680	86
1681	1273
1682	1274
1683	1275
1684	1226
1685	1276
1686	1277
1687	1278
1688	1169
1689	1279
1690	1280
1691	727
1692	163
1693	1281
1694	1282
1695	1283
1696	867
1697	1284
1698	1285
1699	1286
1700	1287
1701	1288
1702	453
1703	1289
1704	1290
1705	1291
1706	192
1707	1292
1708	1293
1709	915
1710	1294
1711	986
1712	1295
1713	1296
1714	1297
1715	1298
1716	1299
1717	1300
1718	1077
1719	417
1720	1301
1721	1302
1722	961
1723	1303
1724	640
1725	640
1726	865
1727	1304
1728	1305
1729	1203
1730	342
1731	1306
1732	1295
1733	1307
1734	1308
1735	1309
1736	1310
1737	979
1738	1311
1739	1312
1740	1313
1741	1314
1742	920
1743	478
1744	1315
1745	1316
1746	1317
1747	144
1748	534
1749	1318
1750	1319
1751	1318
1752	1320
1753	1321
1754	1322
1755	1323
1756	236
1757	1324
1758	1325
1759	1326
1760	1327
1761	986
1762	1328
1763	1329
1764	845
1765	1077
1766	1330
1767	133
1768	984
1769	179
1770	1331
1771	1332
1772	1333
1773	1334
1774	1196
1775	1335
1776	1336
1777	71
1778	1337
1779	1338
1780	126
1781	1339
1782	1340
1783	1341
1784	1342
1785	1343
1786	727
1787	1344
1788	1345
1789	1346
1790	558
1791	270
1792	184
1793	1347
1794	1348
1795	1120
1796	1349
1797	1350
1798	1351
1799	1352
1800	600
1801	1353
1802	1354
1803	1308
1804	1308
1805	1355
1806	1266
1807	1356
1808	1357
1809	1358
1810	902
1811	1359
1812	1360
1813	1361
1814	1362
1815	1363
1816	1131
1817	1364
1818	1365
1819	1365
1820	105
1821	1366
1822	1367
1823	1368
1824	1369
1825	1370
1826	1370
1827	1371
1828	1372
1829	1373
1830	1374
1831	1375
1832	1376
1833	1377
1834	770
1835	849
1836	1378
1837	1333
1838	1379
1839	1208
1840	1183
1841	1183
1842	1380
1843	1381
1844	1382
1845	1383
1846	1384
1847	1385
1848	1386
1849	1086
1850	529
1851	1387
1852	1388
1853	728
1854	1252
1855	1389
1856	1390
1857	910
1858	1115
1859	1391
1860	1392
1861	1166
1862	1393
1863	1394
1864	1395
1865	1396
1866	1397
1867	1398
1868	74
1869	74
1870	74
1871	1399
1872	1400
1873	1325
1874	1401
1875	1402
1876	1403
1877	1404
1878	283
1879	1405
1880	1406
1881	482
1882	534
1883	1407
1884	1408
1885	1409
1886	1187
1887	479
1888	1410
1889	1411
1890	251
1891	1180
1892	1344
1893	5
1894	1412
1895	321
1896	1413
1897	1414
1898	1415
1899	1416
1900	1417
1901	277
1902	1418
1903	1227
1904	377
1905	1419
1906	1420
1907	1421
1908	1422
1909	1423
1910	1424
1911	1425
1912	1426
1913	1427
1914	1428
1915	1321
1916	1429
1917	1430
1918	530
1919	1431
1920	1432
1921	1433
1922	1434
1923	20
1924	1435
1925	791
1926	1169
1927	1436
1928	1437
1929	1437
1930	1438
1931	1439
1932	1440
1933	1441
1934	932
1935	1280
1936	1442
1937	1443
1938	185
1939	184
1940	1444
1941	1445
1942	1446
1943	4
1944	1447
1945	1448
1946	1449
1947	1450
1948	933
1949	1451
1950	1452
1951	171
1952	1453
1953	1454
1954	1455
1955	1456
1956	1014
1957	1457
1958	494
1959	1458
1960	1459
1961	1460
1962	1461
1963	1462
1964	1463
1965	601
1966	1464
1967	1465
1968	1466
1969	1467
1970	1468
1971	1469
1972	1469
1973	1470
1974	527
1975	527
1976	1012
1977	1471
1978	490
1979	1472
1980	1473
1981	1474
1982	1474
1983	1475
1984	1476
1985	1477
1986	1478
1987	1479
1988	1480
1989	852
1990	1481
1991	1362
1992	1482
1993	1483
1994	1484
1995	1485
1996	1485
1997	1486
1998	1487
1999	1488
2000	1183
2001	1489
2002	1490
2003	1491
2004	1492
2005	1039
2006	1493
2007	1494
2008	1495
2009	1496
2010	1497
2011	1493
2012	1498
2013	70
2014	1499
2015	225
2016	1500
2017	1501
2018	244
2019	915
2020	1502
2021	1503
2022	1228
2023	1504
2024	1505
2025	1506
2026	1370
2027	1507
2028	1508
2029	1509
2030	1510
2031	1511
2032	829
2033	1512
2034	1513
2035	1514
2036	184
2037	772
2038	1515
2039	1475
2040	1516
2041	1517
2042	1518
2043	1519
2044	1520
2045	1521
2046	1522
2047	1523
2048	1524
2049	1525
2050	1526
2051	809
2052	115
2053	1527
2054	1183
2055	1528
2056	1529
2057	1530
2058	1531
2059	1532
2060	104
2061	1120
2062	1533
2063	1533
2064	930
2065	1534
2066	1535
2067	1536
2068	1537
2069	1538
2070	1044
2071	14
2072	1539
2073	1539
2074	1540
2075	1541
2076	1314
2077	1370
2078	1542
2079	1543
2080	1544
2081	1545
2082	1546
2083	1547
2084	1043
2085	1548
2086	1549
2087	2
2088	1550
2089	1551
2090	1266
2091	1552
2092	1553
2093	1554
2094	236
2095	1555
2096	1556
2097	1557
2098	1558
2099	1304
2100	1559
2101	1560
2102	1561
2103	1562
2104	1563
2105	1564
2106	1565
2107	1566
2108	807
2109	1567
2110	1568
2111	1214
2112	1569
2113	1570
2114	1571
2115	1572
2116	1252
2117	1573
2118	891
2119	1574
2120	1166
2121	1575
2122	1576
2123	915
2124	1577
2125	1480
2126	1441
2127	1578
2128	1579
2129	1580
2130	1390
2131	1581
2132	808
2133	1582
2134	1128
2135	1583
2136	1272
2137	640
2138	640
2139	1584
2140	1585
2141	1586
2142	1587
2143	1128
2144	1588
2145	859
2146	1589
2147	1590
2148	1591
2149	777
2150	1592
2151	1593
2152	1594
2153	1595
2154	1596
2155	1597
2156	1598
2157	336
2158	79
2159	1599
2160	1600
2161	1601
2162	1302
2163	1602
2164	1603
2165	1604
2166	848
2167	1605
2168	1606
2169	1607
2170	101
2171	1608
2172	1609
2173	1610
2174	1611
2175	508
2176	1612
2177	1613
2178	1614
2179	1615
2180	1616
2181	1617
2182	1618
2183	960
2184	464
2185	464
2186	1619
2187	1620
2188	1621
2189	1622
2190	1623
2191	1624
2192	1625
2193	1626
2194	1627
2195	1628
2196	1629
2197	1630
2198	1631
2199	1632
2200	1633
2201	1245
2202	1634
2203	1635
2204	1636
2205	1637
2206	1638
2207	257
2208	1639
2209	1640
2210	1641
2211	1642
2212	1643
2213	1644
2214	1526
2215	1645
2216	1265
2217	1646
2218	482
2219	1647
2220	1647
2221	1648
2222	1649
2223	1237
2224	1650
2225	1651
2226	1652
2227	1653
2228	1549
2229	1393
2230	1654
2231	1655
2232	1656
2233	206
2234	793
2235	1657
2236	1658
2237	1659
2238	1660
2239	161
2240	32
2241	1661
2242	1662
2243	1663
2244	1559
2245	1664
2246	1665
2247	1666
2248	1667
2249	1668
2250	741
2251	1399
2252	1669
2253	1670
2254	420
2255	1671
2256	1672
2257	1673
2258	940
2259	157
2260	1674
2261	1675
2262	1676
2263	407
2264	1677
2265	526
2266	1678
2267	1679
2268	1680
2269	1681
2270	1229
2271	224
2272	1682
2273	1683
2274	1004
2275	1684
2276	1685
2277	1421
2278	1677
2279	1686
2280	1687
2281	1688
2282	1689
2283	1690
2284	1691
2285	1516
2286	182
2287	1692
2288	1693
2289	1694
2290	1695
2291	1696
2292	1429
2293	1697
2294	1105
2295	1698
2296	1699
2297	1700
2298	1701
2299	1702
2300	1703
2301	1704
2302	1705
2303	1705
2304	1706
2305	1707
2306	1708
2307	1709
2308	1706
2309	1308
2310	1710
2311	1711
2312	1712
2313	717
2314	1174
2315	1713
2316	1714
2317	1715
2318	1716
2319	471
2320	559
2321	559
2322	1717
2323	1718
2324	1719
2325	1720
2326	1721
2327	1722
2328	430
2329	1723
2330	1724
2331	1725
2332	1726
2333	1727
2334	1728
2335	1729
2336	1730
2337	1731
2338	1732
2339	1733
2340	1734
2341	1735
2342	1736
2343	1737
2344	1738
2345	1739
2346	225
2347	1740
2348	617
2349	1741
2350	864
2351	1742
2352	1743
2353	563
2354	1744
2355	1227
2356	1745
2357	1709
2358	1746
2359	622
2360	1125
2361	423
2362	1725
2363	1528
2364	1747
2365	1457
2366	184
2367	1748
2368	1749
2369	1750
2370	1751
2371	354
2372	1406
2373	1752
2374	1753
2375	1754
2376	1755
2377	458
2378	1756
2379	1757
2380	1758
2381	1759
2382	1760
2383	1761
2384	1324
2385	1324
2386	1762
2387	1763
2388	1764
2389	1765
2390	928
2391	1589
2392	1766
2393	1767
2394	1169
2395	422
2396	1734
2397	1768
2398	1198
2399	1198
2400	621
2401	1769
2402	1770
2403	975
2404	1771
2405	1772
2406	1773
2407	1774
2408	1775
2409	1776
2410	1777
2411	214
2412	1778
2413	1779
2414	249
2415	1780
2416	1781
2417	1782
2418	1783
2419	1784
2420	1227
2421	1785
2422	1786
2423	1787
2424	1788
2425	184
2426	373
2427	1789
2428	1790
2429	1791
2430	1792
2431	1793
2432	1794
2433	1795
2434	1308
2435	579
2436	1796
2437	1797
2438	119
2439	1798
2440	1799
2441	1800
2442	165
2443	1801
2444	1802
2445	1803
2446	1804
2447	148
2448	1805
2449	1806
2450	1807
2451	1594
2452	1808
2453	1809
2454	1810
2455	1302
2456	1811
2457	457
2458	1812
2459	1813
2460	1814
2461	1815
2462	800
2463	1816
2464	1514
2465	1513
2466	27
2467	1817
2468	1280
2469	768
2470	1818
2471	1819
2472	1399
2473	1820
2474	1821
2475	1822
2476	1823
2477	1824
2478	1825
2479	1469
2480	1737
2481	1802
2482	1802
2483	1826
2484	1827
2485	465
2486	1828
2487	1611
2488	1829
2489	156
2490	1830
2491	167
2492	1831
2493	1832
2494	1833
2495	1497
2496	1834
2497	1835
2498	1768
2499	1836
2500	1837
2501	1838
2502	27
2503	386
2504	301
2505	1262
2506	1839
2507	1840
2508	1841
2509	1661
2510	1842
2511	1230
2512	1843
2513	1844
2514	786
2515	1845
2516	1846
2517	1847
2518	1848
2519	1849
2520	1850
2521	1026
2522	184
2523	1851
2524	1852
2525	358
2526	1853
2527	1854
2528	1855
2529	1856
2530	1601
2531	1857
2532	1858
2533	1859
2534	1860
2535	1861
2536	1862
2537	1863
2538	1133
2539	1864
2540	1232
2541	1865
2542	1866
2543	277
2544	1867
2545	321
2546	1868
2547	761
2548	1501
2549	1697
2550	1869
2551	1870
2552	1871
2553	1871
2554	1872
2555	1873
2556	1564
2557	1874
2558	1373
2559	1875
2560	1763
2561	1876
2562	1877
2563	1878
2564	1879
2565	1880
2566	1409
2567	1881
2568	1882
2569	1883
2570	1884
2571	193
2572	1885
2573	1886
2574	1887
2575	1888
2576	1889
2577	1890
2578	1891
2579	1892
2580	1893
2581	558
2582	1894
2583	1895
2584	1896
2585	1437
2586	476
2587	1725
2588	1897
2589	429
2590	1603
2591	1898
2592	1899
2593	1900
2594	1901
2595	1902
2596	1903
2597	983
2598	1904
2599	1905
2600	1906
2601	1907
2602	780
2603	1908
2604	1909
2605	1910
2606	1697
2607	1911
2608	1912
2609	1913
2610	1914
2611	1915
2612	1097
2613	929
2614	1916
2615	1917
2616	489
2617	1918
2618	225
2619	1919
2620	1889
2621	158
2622	1920
2623	1921
2624	1861
2625	225
2626	1362
2627	1922
2628	1923
2629	1924
2630	1925
2631	1926
2632	1927
2633	1928
2634	1599
2635	1929
2636	1930
2637	1931
2638	1402
2639	1932
2640	1933
2641	1934
2642	1935
2643	1936
2644	803
2645	1937
2646	1938
2647	1939
2648	1940
2649	1941
2650	1942
2651	1943
2652	1944
2653	1153
2654	1945
2655	1946
2656	1947
2657	581
2658	1948
2659	1949
2660	1950
2661	1951
2662	1952
2663	1783
2664	1953
2665	1954
2666	1955
2667	1079
2668	1956
2669	87
2670	1957
2671	1958
2672	1959
2673	1960
2674	1961
2675	1962
2676	1963
2677	1252
2678	1964
2679	92
2680	1284
2681	1051
2682	1603
2683	40
2684	1965
2685	1966
2686	1967
2687	1968
2688	1969
2689	1970
2690	1971
2691	1972
2692	1973
2693	1974
2694	1975
2695	1976
2696	412
2697	440
2698	1977
2699	1978
2700	1979
2701	203
2702	1718
2703	381
2704	1980
2705	1975
2706	1981
2707	1982
2708	1982
2709	1983
2710	1984
2711	1985
2712	1986
2713	1987
2714	1988
2715	1989
2716	1165
2717	1682
2718	1990
2719	1991
2720	1992
2721	1993
2722	1994
2723	1995
2724	1996
2725	1997
2726	1998
2727	1999
2728	751
2729	318
2730	2000
2731	2001
2732	2002
2733	977
2734	2003
2735	2004
2736	2005
2737	2006
2738	2007
2739	986
2740	2008
2741	1345
2742	1401
2743	2009
2744	2010
2745	2011
2746	1813
2747	2012
2748	2013
2749	2014
2750	2015
2751	2016
2752	2017
2753	1824
2754	76
2755	2018
2756	2019
2757	2020
2758	2021
2759	2022
2760	2023
2761	2024
2762	2025
2763	1125
2764	2026
2765	130
2766	2027
2767	2028
2768	302
2769	2029
2770	2030
2771	2031
2772	2032
2773	2033
2774	2033
2775	2034
2776	2035
2777	2036
2778	2037
2779	2038
2780	1627
2781	1627
2782	2039
2783	2040
2784	2041
2785	2042
2786	2043
2787	2044
2788	2045
2789	652
2790	2046
2791	2047
2792	2048
2793	2049
2794	1909
2795	2050
2796	2051
2797	2052
2798	457
2799	2053
2800	2054
2801	2055
2802	2056
2803	2057
2804	2058
2805	2059
2806	2060
2807	2061
2808	2062
2809	2063
2810	1436
2811	2064
2812	2065
2813	89
2814	2066
2815	2067
2816	2068
2817	2069
2818	2069
2819	2070
2820	2071
2821	2072
2822	2073
2823	2074
2824	2075
2825	1557
2826	2076
2827	1783
2828	2077
2829	2078
2830	2079
2831	2080
2832	2081
2833	579
2834	2082
2835	2083
2836	2084
2837	2085
2838	1043
2839	1481
2840	2086
2841	451
2842	2087
2843	2088
2844	2089
2845	1546
2846	577
2847	2090
2848	684
2849	301
2850	82
2851	82
2852	2091
2853	2092
2854	1620
2855	2093
2856	2094
2857	2095
2858	2096
2859	2097
2860	2098
2861	2099
2862	2099
2863	2100
2864	2101
2865	2102
2866	2103
2867	2103
2868	2104
2869	2105
2870	2106
2871	1827
2872	666
2873	512
2874	2107
2875	1564
2876	1183
2877	2001
2878	2108
2879	2109
2880	2110
2881	225
2882	2111
2883	2112
2884	2113
2885	2114
2886	2115
2887	1499
2888	2116
2889	2117
2890	2118
2891	2119
2892	2119
2893	2120
2894	2121
2895	1999
2896	527
2897	2122
2898	2123
2899	225
2900	2124
2901	2125
2902	730
2903	97
2904	2126
2905	2126
2906	2127
2907	2128
2908	1251
2909	1399
2910	2129
2911	153
2912	153
2913	2130
2914	2131
2915	2132
2916	1277
2917	2133
2918	2134
2919	1147
2920	1546
2921	2135
2922	2136
2923	1125
2924	2137
2925	1077
2926	1525
2927	2138
2928	2139
2929	2140
2930	2141
2931	1910
2932	2142
2933	1297
2934	1297
2935	2143
2936	2144
2937	469
2938	2145
2939	205
2940	2146
2941	2147
2942	2148
2943	2149
2944	1324
2945	1226
2946	2150
2947	442
2948	587
2949	1676
2950	2151
2951	2152
2952	2153
2953	1910
2954	547
2955	2154
2956	2155
2957	2156
2958	2157
2959	2158
2960	1783
2961	2159
2962	2160
2963	834
2964	2161
2965	130
2966	895
2967	1986
2968	2162
2969	98
2970	2163
2971	2164
2972	2165
2973	2165
2974	2166
2975	2167
2976	1399
2977	1045
2978	2168
2979	2169
2980	54
2981	2170
2982	2171
2983	1395
2984	2172
2985	2173
2986	2174
2987	2175
2988	692
2989	718
2990	2093
2991	1867
2992	2176
2993	735
2994	423
2995	2177
2996	2141
2997	2178
2998	1094
2999	2088
3000	2179
3001	2180
3002	2181
3003	2182
3004	2183
3005	2184
3006	675
3007	2185
3008	2186
3009	2187
3010	2188
3011	2189
3012	2190
3013	1645
3014	801
3015	2191
3016	1798
3017	2192
3018	2193
3019	2194
3020	147
3021	2195
3022	2196
3023	2197
3024	333
3025	2198
3026	2094
3027	2199
3028	2200
3029	2201
3030	2080
3031	1286
3032	1074
3033	699
3034	2202
3035	2203
3036	1841
3037	2204
3038	2205
3039	2206
3040	2207
3041	2208
3042	2209
3043	2210
3044	2211
3045	2212
3046	2213
3047	1615
3048	2214
3049	2215
3050	2216
3051	1007
3052	2217
3053	1350
3054	2218
3055	58
3056	2219
3057	2220
3058	2221
3059	2222
3060	2223
3061	834
3062	2224
3063	2225
3064	2226
3065	2227
3066	652
3067	2228
3068	2229
3069	2229
3070	2230
3071	2231
3072	2232
3073	241
3074	2049
3075	2233
3076	2234
3077	2229
3078	2235
3079	2236
3080	2237
3081	1921
3082	1921
3083	2238
3084	2239
3085	2240
3086	2091
3087	2179
3088	113
3089	2241
3090	2242
3091	648
3092	1445
3093	2243
3094	2244
3095	1511
3096	2245
3097	193
3098	2246
3099	2247
3100	2248
3101	1791
3102	2249
3103	2250
3104	2251
3105	2252
3106	2253
3107	2254
3108	2255
3109	203
3110	2256
3111	1774
3112	1034
3113	1224
3114	2257
3115	2258
3116	2259
3117	2260
3118	2261
3119	93
3120	143
3121	2262
3122	2263
3123	1914
3124	2264
3125	2265
3126	2266
3127	1126
3128	914
3129	2011
3130	2246
3131	2267
3132	2268
3133	2269
3134	931
3135	122
3136	2270
3137	1815
3138	2271
3139	1273
3140	2272
3141	1442
3142	1442
3143	2273
3144	2274
3145	2275
3146	587
3147	1910
3148	1239
3149	2276
3150	723
3151	2277
3152	2278
3153	127
3154	2279
3155	1773
3156	2280
3157	2281
3158	2043
3159	2282
3160	1496
3161	2283
3162	2284
3163	2285
3164	2286
3165	2287
3166	2288
3167	2289
3168	2102
3169	1423
3170	392
3171	2290
3172	951
3173	416
3174	2291
3175	2292
3176	193
3177	95
3178	2293
3179	1910
3180	1152
3181	2294
3182	2295
3183	2296
3184	2297
3185	2298
3186	2299
3187	2300
3188	1695
3189	872
3190	2301
3191	2302
3192	1918
3193	2303
3194	2304
3195	2004
3196	2305
3197	751
3198	945
3199	2306
3200	2307
3201	2308
3202	2309
3203	2106
3204	2310
3205	2311
3206	2312
3207	2313
3208	2314
3209	2315
3210	1966
3211	2316
3212	2317
3213	2318
3214	2319
3215	1117
3216	1897
3217	2320
3218	228
3219	2321
3220	1455
3221	1284
3222	2322
3223	2323
3224	976
3225	1725
3226	2324
3227	2325
3228	2326
3229	2327
3230	2328
3231	519
3232	2329
3233	2330
3234	2331
3235	2332
3236	2333
3237	2333
3238	198
3239	2334
3240	1066
3241	2335
3242	2336
3243	947
3244	2337
3245	2338
3246	1263
3247	2339
3248	2340
3249	2341
3250	2342
3251	2061
3252	2343
3253	2040
3254	2344
3255	2345
3256	2346
3257	2347
3258	1887
3259	2348
3260	1922
3261	2349
3262	761
3263	2350
3264	1040
3265	2351
3266	2352
3267	1173
3268	2353
3269	2354
3270	2355
3271	2356
3272	2357
3273	2358
3274	965
3275	2359
3276	2360
3277	1965
3278	2361
3279	2361
3280	2362
3281	1436
3282	2363
3283	2364
3284	2365
3285	2366
3286	2367
3287	2368
3288	2369
3289	2370
3290	2371
3291	1333
3292	2014
3293	2372
3294	2373
3295	105
3296	2374
3297	994
3298	2375
3299	2376
3300	2377
3301	2378
3302	2379
3303	1548
3304	2380
3305	2381
3306	2382
3307	1368
3308	2224
3309	2383
3310	2384
3311	1819
3312	2385
3313	2386
3314	549
3315	2387
3316	932
3317	2388
3318	64
3319	2389
3320	2390
3321	2391
3322	689
3323	2084
3324	2392
3325	2393
3326	2394
3327	2395
3328	2396
3329	2397
3330	2398
3331	817
3332	2399
3333	2400
3334	2164
3335	2401
3336	2402
3337	2403
3338	2404
3339	2405
3340	2405
3341	2406
3342	2407
3343	2129
3344	2408
3345	410
3346	366
3347	2409
3348	2035
3349	2410
3350	2411
3351	1621
3352	2412
3353	2413
3354	2414
3355	2415
3356	2416
3357	2417
3358	2418
3359	2419
3360	2420
3361	2421
3362	2422
3363	2423
3364	2120
3365	2424
3366	2425
3367	2426
3368	2427
3369	1571
3370	139
3371	2428
3372	2429
3373	2430
3374	2431
3375	2432
3376	656
3377	2433
3378	1805
3379	2038
3380	269
3381	1920
3382	197
3383	2434
3384	2435
3385	490
3386	2436
3387	2389
3388	2437
3389	1311
3390	2438
3391	843
3392	2439
3393	2440
3394	2291
3395	2441
3396	1578
3397	2442
3398	2443
3399	2444
3400	2445
3401	221
3402	2209
3403	2446
3404	2447
3405	2448
3406	327
3407	262
3408	2449
3409	2450
3410	2451
3411	2452
3412	2453
3413	2454
3414	2455
3415	1399
3416	2456
3417	2457
3418	2458
3419	2459
3420	1399
3421	938
3422	2460
3423	2461
3424	2462
3425	638
3426	2463
3427	2464
3428	2376
3429	2465
3430	2466
3431	2467
3432	2468
3433	2469
3434	2470
3435	2471
3436	2472
3437	2473
3438	2474
3439	884
3440	2475
3441	2476
3442	2477
3443	2478
3444	2276
3445	2054
3446	2479
3447	2480
3448	2481
3449	2482
3450	2247
3451	291
3452	2483
3453	2484
3454	181
3455	2485
3456	2486
3457	2487
3458	700
3459	2488
3460	2489
3461	2490
3462	1944
3463	2491
3464	2492
3465	2493
3466	2165
3467	2494
3468	2393
3469	2495
3470	2122
3471	2496
3472	691
3473	2497
3474	2498
3475	2499
3476	2500
3477	2501
3478	2275
3479	1550
3480	2502
3481	1916
3482	2046
3483	2503
3484	2504
3485	2505
3486	2506
3487	2507
3488	2508
3489	2509
3490	2510
3491	128
3492	2511
3493	2512
3494	2513
3495	61
3496	2514
3497	2515
3498	2275
3499	2516
3500	2517
3501	1440
3502	2518
3503	2519
3504	1808
3505	2520
3506	2521
3507	2522
3508	2523
3509	2524
3510	2525
3511	2526
3512	2527
3513	2528
3514	2529
3515	2393
3516	2530
3517	441
3518	2531
3519	2532
3520	2452
3521	2533
3522	1392
3523	2534
3524	651
3525	394
3526	2535
3527	2536
3528	2515
3529	2537
3530	1766
3531	2538
3532	2539
3533	2540
3534	236
3535	2541
3536	2542
3537	2543
3538	1868
3539	2544
3540	2545
3541	2546
3542	2547
3543	2548
3544	2549
3545	2550
3546	1912
3547	2547
3548	2551
3549	2552
3550	2371
3551	2553
3552	2554
3553	2555
3554	2556
3555	541
3556	2557
3557	2558
3558	2559
3559	2560
3560	2525
3561	2561
3562	193
3563	614
3564	1972
3565	2562
3566	2563
3567	1817
3568	1783
3569	2111
3570	738
3571	807
3572	2564
3573	2565
3574	2566
3575	2567
3576	2568
3577	1511
3578	2569
3579	2570
3580	2571
3581	2572
3582	2573
3583	2057
3584	253
3585	2574
3586	11
3587	2575
3588	2576
3589	2577
3590	2578
3591	2579
3592	2580
3593	2581
3594	2581
3595	2582
3596	2583
3597	2584
3598	2585
3599	2586
3600	2587
3601	184
3602	2588
3603	2589
3604	2590
3605	2591
3606	2592
3607	2593
3608	2594
3609	2595
3610	2458
3611	1713
3612	2596
3613	2597
3614	2348
3615	2598
3616	2599
3617	2600
3618	2601
3619	2602
3620	2603
3621	2470
3622	2351
3623	2604
3624	2605
3625	2272
3626	2606
3627	2606
3628	26
3629	2607
3630	2608
3631	2609
3632	2610
3633	2611
3634	2612
3635	2613
3636	1360
3637	1360
3638	2614
3639	2615
3640	1969
3641	2616
3642	2617
3643	2618
3644	2619
3645	2620
3646	2621
3647	2318
3648	2622
3649	2623
3650	2624
3651	2625
3652	2626
3653	2498
3654	2389
3655	1895
3656	2627
3657	2628
3658	2629
3659	2630
3660	2631
3661	2632
3662	2164
3663	2633
3664	1641
3665	1447
3666	2634
3667	2635
3668	2636
3669	2637
3670	2638
3671	2639
3672	2640
3673	2641
3674	2642
3675	2216
3676	2643
3677	2644
3678	2645
3679	2646
3680	1918
3681	2647
3682	2648
3683	2649
3684	2650
3685	910
3686	2274
3687	2651
3688	2652
3689	2653
3690	2654
3691	2655
3692	1432
3693	1115
3694	2656
3695	2657
3696	2658
3697	2659
3698	2660
3699	183
3700	2661
3701	609
3702	2662
3703	2663
3704	2622
3705	2664
3706	2664
3707	2624
3708	2665
3709	2666
3710	2667
3711	2668
3712	1999
3713	903
3714	2669
3715	1505
3716	2670
3717	2520
3718	2671
3719	2672
3720	2673
3721	2674
3722	2675
3723	2676
3724	2677
3725	2678
3726	2679
3727	2680
3728	2681
3729	246
3730	2682
3731	225
3732	2683
3733	2684
3734	2685
3735	2686
3736	2519
3737	2687
3738	2688
3739	1647
3740	2689
3741	2690
3742	1921
3743	2013
3744	2691
3745	1145
3746	2692
3747	184
3748	2693
3749	2694
3750	2695
3751	2696
3752	2697
3753	2698
3754	2699
3755	2208
3756	2700
3757	2700
3758	2701
3759	2702
3760	2703
3761	2703
3762	2704
3763	2705
3764	2706
3765	462
3766	2707
3767	2708
3768	2709
3769	2710
3770	2711
3771	2712
3772	2713
3773	2714
3774	2715
3775	820
3776	1733
3777	2389
3778	2716
3779	2717
3780	2718
3781	2719
3782	2720
3783	2721
3784	2722
3785	2723
3786	629
3787	2724
3788	2725
3789	2726
3790	2727
3791	2728
3792	2729
3793	2730
3794	2731
3795	1320
3796	1292
3797	2328
3798	818
3799	2732
3800	2733
3801	2734
3802	1881
3803	2735
3804	2736
3805	2737
3806	2738
3807	2739
3808	2511
3809	2740
3810	1957
3811	2741
3812	695
3813	2742
3814	1336
3815	2743
3816	2744
3817	2745
3818	2746
3819	2747
3820	2748
3821	2749
3822	2750
3823	2751
3824	2752
3825	2753
3826	2754
3827	2488
3828	2685
3829	2755
3830	2756
3831	527
3832	2757
3833	1806
3834	2758
3835	2759
3836	2760
3837	2383
3838	2761
3839	2762
3840	2763
3841	2764
3842	2765
3843	2766
3844	2767
3845	2768
3846	2711
3847	2769
3848	2770
3849	2771
3850	2772
3851	2773
3852	2774
3853	2775
3854	2776
3855	2777
3856	2778
3857	2779
3858	2780
3859	2781
3860	2782
3861	2783
3862	2784
3863	2785
3864	2786
3865	252
3866	552
3867	552
3868	2787
3869	2788
3870	2789
3871	690
3872	2790
3873	2791
3874	2792
3875	2793
3876	2794
3877	2795
3878	251
3879	2796
3880	2797
3881	2798
3882	2799
3883	2800
3884	2801
3885	2802
3886	2803
3887	2804
3888	2805
3889	2806
3890	2807
3891	2808
3892	2809
3893	2810
3894	2811
3895	1464
3896	2812
3897	2813
3898	2814
3899	1169
3900	2815
3901	2816
3902	2817
3903	2818
3904	2819
3905	2820
3906	2821
3907	2822
3908	2823
3909	2824
3910	2825
3911	1079
3912	1387
3913	2826
3914	2827
3915	2828
3916	538
3917	2829
3918	2830
3919	2831
3920	2832
3921	2833
3922	738
3923	2834
3924	2835
3925	2693
3926	2836
3927	2837
3928	74
3929	2838
3930	2839
3931	2840
3932	2841
3933	2842
3934	2843
3935	2844
3936	2845
3937	2846
3938	2847
3939	2848
3940	2849
3941	2850
3942	2851
3943	2852
3944	123
3945	2853
3946	2854
3947	2281
3948	2855
3949	2856
3950	2857
3951	2858
3952	2859
3953	2860
3954	2861
3955	2862
3956	2863
3957	2321
3958	2864
3959	2865
3960	2866
3961	2866
3962	2867
3963	2868
3964	2869
3965	2870
3966	2871
3967	2872
3968	2873
3969	2874
3970	2875
3971	2876
3972	2877
3973	2878
3974	2879
3975	2880
3976	2881
3977	2882
3978	2883
3979	2884
3980	2885
3981	2886
3982	2887
3983	2888
3984	2889
3985	2890
3986	2891
3987	2892
3988	2418
3989	2893
3990	2893
3991	2894
3992	2895
3993	2896
3994	2897
3995	2898
3996	2899
3997	2900
3998	2901
3999	2902
4000	2903
4001	2904
4002	2905
4003	1901
4004	2906
4005	2907
4006	2908
4007	2909
4008	2910
4009	931
4010	2911
4011	2912
4012	2913
4013	2914
4014	376
4015	2915
4016	2916
4017	2917
4018	2918
4019	2919
4020	2920
4021	2921
4022	2922
4023	2923
4024	2924
4025	2925
4026	2926
4027	860
4028	2927
4029	2928
4030	2884
4031	2929
4032	2930
4033	2931
4034	2932
4035	2933
4036	2934
4037	2935
4038	2936
4039	2937
4040	2937
4041	2938
4042	2939
4043	2940
4044	2941
4045	2942
4046	2943
4047	2944
4048	2945
4049	2946
4050	2947
4051	2948
4052	1335
4053	2949
4054	2950
4055	2951
4056	399
4057	2952
4058	2953
4059	2954
4060	2955
4061	2956
4062	2957
4063	2958
4064	2897
4065	2959
4066	866
4067	2960
4068	2961
4069	2962
4070	2963
4071	2964
4072	2965
4073	2966
4074	2967
4075	2968
4076	153
4077	2969
4078	2970
4079	2971
4080	2624
4081	589
4082	2972
4083	2973
4084	2974
4085	2250
4086	2975
4087	2976
4088	2977
4089	199
4090	2978
4091	1440
4092	2979
4093	2980
4094	2981
4095	2336
4096	2982
4097	2983
4098	2984
4099	2985
4100	2986
4101	2987
4102	2988
4103	1438
4104	2989
4105	2990
4106	2944
4107	2991
4108	2992
4109	2993
4110	1102
4111	2994
4112	2995
4113	2996
4114	2997
4115	2998
4116	2999
4117	3000
4118	3001
4119	3002
4120	3003
4121	3004
4122	3005
4123	3006
4124	3007
4125	260
4126	3008
4127	3009
4128	3010
4129	3011
4130	3012
4131	3013
4132	3014
4133	3015
4134	3016
4135	3017
4136	3018
4137	3019
4138	3020
4139	3021
4140	3022
4141	3023
4142	3024
4143	3025
4144	3026
4145	3027
4146	3028
4147	3029
4148	6
4149	3030
4150	3031
4151	3032
4152	3033
4153	3034
4154	3035
4155	3036
4156	617
4157	3037
4158	3038
4159	3039
4160	2170
4161	3040
4162	3041
4163	3042
4164	3043
4165	2665
4166	3044
4167	3045
4168	3046
4169	3047
4170	3048
4171	3049
4172	3050
4173	3051
4174	3052
4175	3053
4176	3054
4177	3055
4178	3056
4179	3057
4180	2341
4181	3058
4182	3059
4183	3060
4184	3061
4185	3062
4186	3063
4187	3064
4188	3065
4189	3066
4190	3067
4191	3068
4192	3069
4193	3070
4194	3071
4195	3072
4196	3073
4197	3074
4198	3075
4199	3076
4200	3077
4201	3078
4202	3079
4203	359
4204	359
4205	3
4206	3080
4207	3081
4208	3082
4209	3083
4210	3084
4211	3085
4212	3086
4213	3087
4214	3088
4215	3089
4216	3090
4217	3091
4218	3092
4219	3093
4220	3094
4221	3095
4222	3096
4223	3097
4224	2405
4225	3098
4226	3099
4227	3100
4228	3101
4229	3102
4230	3103
4231	3104
4232	3105
4233	3106
4234	3107
4235	3108
4236	3109
4237	3110
4238	398
4239	3111
4240	3112
4241	3113
4242	1072
4243	3114
4244	3115
4245	2751
4246	3116
4247	1626
4248	3117
4249	2428
4250	3118
4251	3119
4252	3120
4253	3121
4254	3122
4255	3123
4256	3124
4257	3125
4258	1647
4259	1647
4260	3126
4261	3127
4262	3128
4263	2230
4264	3129
4265	2350
4266	3130
4267	3131
4268	3132
4269	3133
4270	3134
4271	3135
4272	3136
4273	3137
4274	3138
4275	3139
4276	3140
4277	3141
4278	2545
4279	3142
4280	3143
4281	3144
4282	3145
4283	3146
4284	3147
4285	3148
4286	1819
4287	3149
4288	1642
4289	3150
4290	3151
4291	3152
4292	3153
4293	3154
4294	3155
4295	2164
4296	250
4297	3156
4298	3157
4299	3158
4300	3159
4301	3160
4302	3161
4303	853
4304	3162
4305	3163
4306	3164
4307	3165
4308	3166
4309	3167
4310	3168
4311	1524
4312	3169
4313	3170
4314	3171
4315	3172
4316	3173
4317	3174
4318	2465
4319	3175
4320	3176
4321	3177
4322	3178
4323	2414
4324	1474
4325	3179
4326	3180
4327	3181
4328	3182
4329	3183
4330	3184
4331	3185
4332	3186
4333	3187
4334	3188
4335	3189
4336	3190
4337	3191
4338	1795
4339	1442
4340	3192
4341	3193
4342	3194
4343	3195
4344	3196
4345	3197
4346	3198
4347	3199
4348	3200
4349	3201
4350	3202
4351	3203
4352	3204
4353	3205
4354	433
4355	3206
4356	3207
4357	3208
4358	2117
4359	3209
4360	3210
4361	3211
4362	3212
4363	3213
4364	3214
4365	3215
4366	3216
4367	3217
4368	3218
4369	3219
4370	3220
4371	3221
4372	3222
4373	3223
4374	3224
4375	3225
4376	3226
4377	3227
4378	3228
4379	3229
4380	3230
4381	3231
4382	3232
4383	3233
4384	3234
4385	361
4386	3235
4387	3236
4388	3237
4389	3238
4390	697
4391	3239
4392	3240
4393	3241
4394	3242
4395	3243
4396	3244
4397	3245
4398	3246
4399	3247
4400	3248
4401	3249
4402	3250
4403	3251
4404	3252
4405	3253
4406	3254
4407	619
4408	3255
4409	3256
4410	3257
4411	3258
4412	3259
4413	3260
4414	3261
4415	3262
4416	3263
4417	3264
4418	3265
4419	1752
4420	3266
4421	3267
4422	3268
4423	3269
4424	3270
4425	3271
4426	3272
4427	3273
4428	2757
4429	3274
4430	3275
4431	3276
4432	3277
4433	3278
4434	3204
4435	3279
4436	2455
4437	3280
4438	3280
4439	3281
4440	3282
4441	3283
4442	3284
4443	3285
4444	3286
4445	2862
4446	3287
4447	3288
4448	3289
4449	3290
4450	3291
4451	3292
4452	3293
4453	3294
4454	3295
4455	3296
4456	3297
4457	3298
4458	3299
4459	3300
4460	3301
4461	3302
4462	3303
4463	3304
4464	1218
4465	3148
4466	3305
4467	3306
4468	3307
4469	3308
4470	3309
4471	3310
4472	3311
4473	3312
4474	3313
4475	3314
4476	3315
4477	3316
4478	3317
4479	3318
4480	3319
4481	3320
4482	3321
4483	3322
4484	3323
4485	3324
4486	3325
4487	3326
4488	3327
4489	3328
4490	2093
4491	3329
4492	3330
4493	3331
4494	3332
4495	3333
4496	3334
4497	3335
4498	3336
4499	3337
4500	3338
4501	3339
4502	3340
4503	3341
4504	3342
4505	3343
4506	3344
4507	3345
4508	3346
4509	3347
4510	3348
4511	3349
4512	3350
4513	3351
4514	2214
4515	3352
4516	3353
4517	3354
4518	3355
4519	3356
4520	3357
4521	3358
4522	3359
4523	3360
4524	3361
4525	3362
4526	3363
4527	3364
4528	3365
4529	3366
4530	3367
4531	3368
4532	3369
4533	3370
4534	3371
4535	3372
4536	3373
4537	3374
4538	3375
4539	3376
4540	3377
4541	2324
4542	3378
4543	3379
4544	3380
4545	3381
4546	3382
4547	3383
4548	3384
4549	3385
4550	3386
4551	3387
4552	3388
4553	3389
4554	3390
4555	3391
4556	3392
4557	3393
4558	3394
4559	3395
4560	3396
4561	3397
4562	3398
4563	3399
4564	3400
4565	3401
4566	3402
4567	3403
4568	3404
4569	3405
4570	3406
4571	3407
4572	3408
4573	3409
4574	3410
4575	3411
4576	3412
4577	3413
4578	3414
4579	3415
4580	3416
4581	3417
4582	3418
4583	3419
4584	3420
4585	3421
4586	3422
4587	3423
4588	1379
4589	3424
4590	3425
4591	3426
4592	3427
4593	3428
4594	3429
4595	3430
4596	3431
4597	3432
4598	3433
4599	3434
4600	3435
4601	3436
4602	3437
4603	3438
4604	2164
4605	3439
4606	3440
4607	3441
4608	3442
4609	3443
4610	3444
4611	3445
4612	3446
4613	3447
4614	3448
4615	3449
4616	3450
4617	3451
4618	3452
4619	3453
4620	3454
4621	3455
4622	3456
4623	3457
4624	3458
4625	3459
4626	3460
4627	3461
4628	3462
4629	3463
4630	3464
4631	3465
4632	3466
4633	3467
4634	3468
4635	3469
4636	3470
4637	3471
4638	3472
4639	3473
4640	3474
4641	3475
4642	3476
4643	3477
4644	3478
4645	3479
4646	3480
4647	3481
4648	3482
4649	3483
4650	3484
4651	3485
4652	3486
4653	3487
4654	3488
4655	3489
4656	3490
4657	3491
4658	3492
4659	3493
4660	3494
4661	3495
4662	3496
4663	3497
4664	3498
4665	3499
4666	3500
4667	3501
4668	3502
4669	3503
4670	3504
4671	3505
4672	3506
4673	3507
4674	3508
4675	3509
4676	3510
4677	2563
4678	3511
4679	3512
4680	2265
4681	3513
4682	3514
4683	3515
4684	3516
4685	1958
4686	3517
4687	913
4688	3518
4689	3519
4690	3520
4691	3521
4692	3522
4693	3523
4694	3524
4695	3525
4696	3526
4697	3527
4698	3528
4699	3529
4700	3530
4701	3531
4702	3532
4703	3533
4704	3534
4705	3534
4706	3535
4707	3536
4708	558
4709	3537
4710	3538
4711	3539
4712	3540
4713	3541
4714	3542
4715	3543
4716	3544
4717	3545
4718	3546
4719	3547
4720	3548
4721	3549
4722	3550
4723	3551
4724	3552
4725	3553
4726	3554
4727	3555
4728	3556
4729	3557
4730	3558
4731	3559
4732	3560
4733	3561
4734	3562
4735	3563
4736	3564
4737	3565
4738	3566
4739	3567
4740	3568
4741	3569
4742	3570
4743	3571
4744	3572
4745	3573
4746	3574
4747	3575
4748	3576
4749	3577
4750	3578
4751	3579
4752	3580
4753	3581
4754	3582
4755	3583
4756	3584
4757	3585
4758	3586
4759	3587
4760	3588
4761	3589
4762	3590
4763	3591
4764	3592
4765	3593
4766	3594
4767	3595
4768	3596
4769	3597
4770	3598
4771	3599
4772	3600
4773	3601
4774	3602
4775	3603
4776	3604
4777	3605
4778	3606
4779	3607
4780	3608
4781	3609
4782	3610
4783	3611
4784	3612
4785	3302
4786	3613
4787	3614
4788	3615
4789	3616
4790	3617
4791	3618
4792	3619
4793	3620
4794	3621
4795	3622
4796	3623
4797	3624
4798	30
4799	3625
4800	3626
4801	3627
4802	3628
4803	3629
4804	3630
4805	3631
4806	3632
4807	3633
4808	3634
4809	3635
4810	3636
4811	3637
4812	3638
4813	3639
4814	3640
4815	3641
4816	3642
4817	3643
4818	3644
4819	3645
4820	3646
4821	3647
4822	3648
4823	1230
4824	3649
4825	3650
4826	3651
4827	3652
4828	3653
4829	2932
4830	3654
4831	3655
4832	3656
4833	3657
4834	3658
4835	3659
4836	3660
4837	3661
4838	3662
4839	2619
4840	3663
4841	3664
4842	3665
4843	3666
4844	3667
4845	3668
4846	3669
4847	3670
4848	3671
4849	3672
4850	3673
4851	3674
4852	3675
4853	3676
4854	3677
4855	3678
4856	3679
4857	3680
4858	3171
4859	3681
4860	3682
4861	2012
4862	3683
4863	3684
4864	3685
4865	3686
4866	3687
4867	3688
4868	3689
4869	3690
4870	3691
4871	1915
4872	3692
4873	3693
4874	3694
4875	3695
4876	3696
4877	3697
4878	3698
4879	3699
4880	3700
4881	3260
4882	3701
4883	3702
4884	3703
4885	3704
4886	3705
4887	3706
4888	3707
4889	3708
4890	3026
4891	3709
4892	3710
4893	3711
4894	3712
4895	3713
4896	3714
4897	3715
4898	3716
4899	3717
4900	3718
4901	3719
4902	3720
4903	3721
4904	3722
4905	3723
4906	3724
4907	3725
4908	3726
4909	3727
4910	3728
4911	3729
4912	3730
4913	3731
4914	3732
4915	3733
4916	3734
4917	3735
4918	3736
4919	3737
4920	3738
4921	3739
4922	3740
4923	3741
4924	3742
4925	3743
4926	3744
4927	3745
4928	3746
4929	3747
4930	3748
4931	3749
4932	3750
4933	3751
4934	3752
4935	2719
4936	3753
4937	3754
4938	3755
4939	3756
4940	1360
4941	3757
4942	3758
4943	3759
4944	3760
4945	3761
4946	3762
4947	3763
4948	3764
4949	3765
4950	3766
4951	3767
4952	3768
4953	3769
4954	3770
4955	3771
4956	3772
4957	3773
4958	3774
4959	3775
4960	3776
4961	3777
4962	3778
4963	3779
4964	3780
4965	3781
4966	3782
4967	3783
4968	3784
4969	3785
4970	3786
4971	3787
4972	2470
4973	3788
4974	3789
4975	3790
4976	3791
4977	3792
4978	3793
4979	3794
4980	3795
4981	3796
4982	3797
4983	3798
4984	3799
4985	3800
4986	3801
4987	3802
4988	3803
4989	3804
4990	3805
4991	3806
4992	3807
4993	3808
4994	3809
4995	3810
4996	3811
4997	3812
4998	1447
4999	3813
5000	3814
5001	3815
5002	3816
5003	3817
5004	3818
5005	3819
5006	3820
5007	3821
5008	3822
5009	3823
5010	3824
5011	3825
5012	1183
5013	3826
5014	3827
5015	636
5016	3828
5017	3829
5018	3830
5019	3831
5020	3832
5021	3833
5022	3834
5023	3835
5024	3836
5025	3837
5026	3838
5027	3839
5028	3840
5029	3841
5030	3842
5031	3843
5032	3844
5033	3845
5034	3846
5035	3847
5036	3848
5037	3849
5038	3850
5039	3851
5040	3852
5041	3853
5042	3854
5043	3855
5044	3856
5045	3857
5046	3858
5047	2320
5048	3859
5049	3860
5050	3861
5051	3862
5052	3863
5053	3864
5054	3865
5055	3866
5056	3867
5057	3868
5058	3869
5059	3870
5060	3871
5061	3871
5062	3872
5063	3873
5064	3824
5065	3874
5066	3875
5067	3876
5068	3877
5069	3878
5070	3879
5071	3880
5072	3881
5073	3882
5074	3883
5075	3884
5076	3885
5077	3886
5078	3887
5079	3888
5080	3889
5081	3890
5082	3891
5083	3892
5084	3893
5085	3894
5086	3895
5087	3896
5088	3897
5089	3898
5090	2701
5091	3126
5092	3899
5093	3900
5094	3901
5095	3902
5096	3089
5097	3903
5098	2850
5099	3904
5100	3905
5101	3906
5102	3907
5103	3908
5104	3909
5105	3910
5106	3911
5107	3912
5108	1957
5109	3913
5110	3914
5111	3915
5112	3916
5113	3917
5114	3918
5115	3919
5116	3920
5117	3921
5118	3922
5119	3923
5120	3924
5121	3925
5122	3926
5123	3927
5124	3928
5125	3929
5126	2136
5127	3930
5128	3931
5129	3932
5130	3933
5131	3934
5132	3935
5133	3936
5134	3937
5135	3938
5136	3939
5137	3076
5138	3940
5139	3941
5140	3942
5141	3943
5142	3944
5143	3945
5144	3946
5145	3947
5146	3948
5147	3949
5148	3950
5149	3951
5150	3952
5151	3953
5152	3954
5153	3955
5154	3956
5155	3063
5156	3063
5157	3957
5158	3958
5159	3959
5160	3960
5161	3961
5162	3962
5163	3963
5164	3964
5165	3965
5166	3966
5167	3967
5168	3968
5169	3969
5170	3970
5171	3003
5172	3971
5173	3972
5174	3973
5175	3974
5176	3975
5177	3976
5178	3977
5179	3978
5180	3979
5181	3980
5182	3981
5183	3982
5184	3983
5185	3984
5186	3985
5187	3986
5188	3987
5189	3988
5190	3989
5191	3990
5192	3991
5193	2455
5194	3992
5195	3993
5196	3994
5197	3995
5198	3996
5199	3997
5200	3998
5201	3999
5202	4000
5203	4001
5204	4002
5205	4003
5206	4004
5207	4005
5208	4006
5209	4007
5210	4008
5211	4009
5212	4010
5213	4011
5214	4012
5215	4013
5216	4014
5217	4015
5218	4016
5219	4017
5220	4018
5221	4019
5222	4020
5223	190
5224	4021
5225	4022
5226	4023
5227	4024
5228	3484
5229	4025
5230	4026
5231	4027
5232	4028
5233	4029
5234	4030
5235	4031
5236	4032
5237	4033
5238	3642
5239	4034
5240	4035
5241	4036
5242	4037
5243	4038
5244	4039
5245	4040
5246	4041
5247	4042
5248	4043
5249	4044
5250	4045
5251	4046
5252	4047
5253	4048
5254	4049
5255	4050
5256	4051
5257	4052
5258	4053
5259	4054
5260	4055
5261	4056
5262	4057
5263	4058
5264	4059
5265	4060
5266	4061
5267	4062
5268	4063
5269	12
5270	4064
5271	2573
5272	4065
5273	4066
5274	4067
5275	4068
5276	4069
5277	4070
5278	4071
5279	4072
5280	4073
5281	4074
5282	4075
5283	4076
5284	4077
5285	4078
5286	4079
5287	4080
5288	4081
5289	4082
5290	4083
5291	4084
5292	4085
5293	4086
5294	4087
5295	4088
5296	4089
5297	4090
5298	4091
5299	4092
5300	4093
5301	4094
5302	4095
5303	4096
5304	4097
5305	4098
5306	4099
5307	4100
5308	4101
5309	4102
5310	4103
5311	4104
5312	4105
5313	4106
5314	4107
5315	4108
5316	1254
5317	4109
5318	4110
5319	1910
5320	4111
5321	4112
5322	4113
5323	4114
5324	4115
5325	4116
5326	4117
5327	4118
5328	4119
5329	4120
5330	4121
5331	4122
5332	4123
5333	4124
5334	4125
5335	3973
5336	4126
5337	4127
5338	4128
5339	4129
5340	4130
5341	4131
5342	4132
5343	4133
5344	4134
5345	4135
5346	4136
5347	4137
5348	3906
5349	4138
5350	4139
5351	4140
5352	4141
5353	4142
5354	4143
5355	4144
5356	4145
5357	4146
5358	4147
5359	4148
5360	3688
5361	4149
5362	4150
5363	4151
5364	4152
5365	4153
5366	4154
5367	4155
5368	4156
5369	4157
5370	4158
5371	4159
5372	4160
5373	4161
5374	4162
5375	4163
5376	4164
5377	4165
5378	4166
5379	4167
5380	4168
5381	4169
5382	4170
5383	4171
5384	4172
5385	4173
5386	4174
5387	4175
5388	4176
5389	4177
5390	4178
5391	4179
5392	4180
5393	4181
5394	4182
5395	4183
5396	4184
5397	4185
5398	4186
5399	4187
5400	4188
5401	4189
5402	4190
5403	4191
5404	4192
5405	4193
5406	4194
5407	4195
5408	4196
5409	4197
5410	4198
5411	4199
5412	4200
5413	4201
5414	4202
5415	619
5416	4203
5417	1518
5418	4204
5419	4205
5420	4206
5421	4207
5422	4208
5423	4209
5424	4210
5425	4211
5426	4212
5427	4213
5428	4214
5429	4215
5430	4216
5431	4217
5432	4218
5433	4219
5434	4220
5435	4221
5436	4222
5437	4223
5438	4224
5439	4225
5440	4226
5441	4227
5442	3675
5443	4228
5444	4229
5445	4230
5446	4231
5447	4232
5448	4233
5449	4234
5450	4235
5451	4236
5452	4237
5453	4238
5454	4239
5455	4240
5456	4241
5457	2884
5458	4242
5459	4243
5460	4244
5461	4245
5462	4246
5463	4247
5464	4248
5465	4249
5466	4250
5467	4251
5468	4252
5469	4253
5470	4254
5471	4255
5472	4256
5473	4257
5474	4258
5475	4259
5476	4260
5477	4261
5478	4262
5479	4263
5480	4264
5481	4265
5482	4266
5483	4267
5484	4268
5485	4269
5486	4270
5487	4271
5488	4272
5489	4273
5490	4274
5491	4275
5492	4276
5493	4277
5494	4278
5495	4279
5496	4280
5497	4281
5498	2316
5499	4282
5500	4283
5501	4284
5502	4285
5503	4286
5504	4287
5505	4288
5506	4289
5507	4290
5508	4291
5509	4292
5510	4293
5511	4294
5512	4295
5513	4296
5514	4297
5515	4298
5516	3887
5517	4299
5518	4300
5519	2980
5520	4301
5521	4302
5522	4303
5523	4304
5524	4305
5525	4306
5526	4307
5527	4308
5528	4309
5529	4310
5530	4311
5531	4312
5532	4313
5533	4314
5534	4315
5535	4316
5536	4317
5537	4318
5538	4319
5539	4320
5540	4321
5541	4322
5542	4323
5543	4324
5544	4325
5545	4326
5546	4327
5547	4328
5548	4328
5549	4329
5550	4330
5551	4331
5552	4332
5553	4333
5554	4334
5555	3891
5556	4335
5557	4336
5558	4337
5559	4338
5560	4339
5561	4340
5562	4340
5563	4341
5564	4342
5565	4343
5566	4344
5567	4345
5568	4346
5569	2399
5570	4347
5571	4348
5572	4349
5573	4350
5574	4351
5575	4352
5576	4353
5577	4354
5578	4355
5579	4356
5580	4357
5581	4358
5582	4359
5583	4360
5584	4361
5585	4362
5586	4363
5587	4364
5588	4365
5589	4366
5590	4367
5591	4368
5592	4369
5593	4370
5594	4371
5595	4372
5596	4373
5597	4374
5598	4375
5599	4376
5600	4377
5601	4378
5602	4379
5603	4380
5604	4381
5605	4382
5606	4383
5607	4384
5608	4385
5609	4386
5610	4387
5611	4388
5612	4389
5613	4390
5614	4391
5615	4392
5616	4393
5617	4394
5618	4395
5619	4396
5620	4397
5621	4398
5622	4399
5623	4400
5624	4401
5625	4402
5626	4403
5627	4404
5628	4405
5629	4406
5630	4407
5631	4408
5632	4409
5633	4410
5634	4411
5635	4412
5636	4413
5637	4414
5638	4415
5639	4416
5640	4417
5641	4418
5642	4419
5643	4420
5644	4421
5645	4422
5646	4423
5647	4424
5648	4425
5649	4426
5650	4427
5651	4428
5652	4429
5653	4430
5654	4431
5655	4432
5656	4433
5657	4434
5658	4435
5659	4436
5660	4437
5661	4438
5662	4439
5663	4440
5664	4441
5665	4442
5666	4443
5667	4444
5668	4445
5669	4446
5670	4447
5671	4448
5672	4449
5673	4450
5674	4451
5675	4452
5676	4453
5677	4454
5678	4455
5679	4456
5680	4457
5681	4458
5682	4459
5683	4460
5684	4461
5685	4462
5686	4463
5687	4464
5688	4465
5689	4466
5690	4467
5691	4468
5692	4469
5693	4470
5694	4471
5695	4472
5696	4473
5697	4474
5698	4475
5699	4476
5700	4477
5701	4478
5702	4479
5703	4480
5704	4481
5705	4482
5706	4483
5707	4484
5708	4485
5709	4486
5710	4487
5711	4488
5712	4489
5713	4490
5714	4491
5715	4492
5716	4493
5717	4494
5718	4495
5719	4029
5720	4496
5721	4497
5722	4498
5723	4499
5724	4500
5725	4501
5726	4502
5727	4503
5728	4504
5729	4505
5730	4506
5731	4507
5732	4508
5733	4509
5734	4510
5735	4511
5736	4512
5737	4513
5738	4514
5739	4515
5740	4516
5741	4517
5742	4518
5743	4519
5744	4520
5745	4521
5746	4522
5747	4523
5748	4524
5749	4525
5750	4526
5751	4527
5752	4528
5753	4529
5754	4530
5755	4531
5756	4532
5757	4533
5758	4534
5759	4535
5760	2171
5761	4536
5762	4537
5763	4538
5764	4539
5765	4540
5766	4541
5767	4542
5768	4543
5769	1342
5770	4544
5771	4545
5772	4546
5773	4547
5774	4548
5775	4549
5776	4550
5777	4551
5778	4552
5779	4553
5780	4554
5781	4555
5782	4556
5783	4557
5784	4558
5785	4559
5786	4560
5787	4561
5788	4562
5789	4563
5790	4564
5791	4565
5792	4566
5793	4567
5794	4568
5795	4569
5796	4570
5797	4571
5798	4572
5799	4573
5800	4574
5801	4575
5802	4576
5803	4577
5804	4578
5805	4579
5806	4580
5807	4581
5808	4582
5809	4583
5810	4584
5811	4585
5812	4586
5813	4587
5814	4588
5815	4589
5816	4590
5817	4591
5818	4592
5819	4593
5820	4594
5821	4595
5822	4596
5823	4597
5824	4598
5825	4599
5826	4600
5827	4601
5828	4602
5829	4603
5830	4604
5831	4605
5832	4606
5833	4607
5834	4608
5835	4609
5836	4610
5837	4611
5838	4612
5839	4613
5840	4614
5841	4615
5842	4616
5843	4617
5844	4617
5845	4618
5846	4619
5847	4620
5848	4621
5849	4622
5850	4623
5851	4624
5852	4625
5853	4626
5854	4627
5855	4628
5856	912
5857	4629
5858	4630
5859	4631
5860	4632
5861	4633
5862	4634
5863	4635
5864	4636
5865	4637
5866	4638
5867	4639
5868	4640
5869	4641
5870	4642
5871	4643
5872	4644
5873	4645
5874	4646
5875	4647
5876	4648
5877	4649
5878	4650
5879	4651
5880	4652
5881	4653
5882	4654
5883	4655
5884	4656
5885	2433
5886	4657
5887	4658
5888	4659
5889	4660
5890	4661
5891	4662
5892	4663
5893	4664
5894	4665
5895	4666
5896	956
5897	4667
5898	4668
5899	4669
5900	4670
5901	4671
5902	4672
5903	4673
5904	4674
5905	4675
5906	4676
5907	4677
5908	4678
5909	4679
5910	4680
5911	4681
5912	4682
5913	4683
5914	4684
5915	4684
5916	4685
5917	1436
5918	4686
5919	4687
5920	4688
5921	4689
5922	4690
5923	4691
5924	4692
5925	4693
5926	4694
5927	4695
5928	4282
5929	4696
5930	4697
5931	4698
5932	4699
5933	4700
5934	4701
5935	4702
5936	4703
5937	4704
5938	4705
5939	4706
5940	4707
5941	4708
5942	4709
5943	4710
5944	4711
5945	2808
5946	4712
5947	4713
5948	4714
5949	4715
5950	4716
5951	4717
5952	4718
5953	4719
5954	4720
5955	4721
5956	4722
5957	4723
5958	4724
5959	4725
5960	4726
5961	4727
5962	4728
5963	4729
5964	4730
5965	4731
5966	4732
5967	4733
5968	4734
5969	4735
5970	4736
5971	4737
5972	4738
5973	4739
5974	1078
5975	4133
5976	4740
5977	4741
5978	4742
5979	4743
5980	4744
5981	4745
5982	4746
5983	4747
5984	4748
5985	4749
5986	4750
5987	4751
5988	4752
5989	4753
5990	4139
5991	4754
5992	2377
5993	4755
5994	4756
5995	4757
5996	4758
5997	4759
5998	4760
5999	3008
6000	4761
6001	4762
6002	3863
6003	4763
6004	4764
6005	4765
6006	4766
6007	4767
6008	4714
6009	4768
6010	4769
6011	4770
6012	4771
6013	4772
6014	4773
6015	599
6016	4774
6017	4775
6018	4776
6019	4777
6020	4778
6021	4779
6022	4780
6023	4781
6024	4782
6025	4783
6026	4784
6027	2178
6028	4785
6029	4786
6030	4787
6031	4788
6032	4789
6033	4789
6034	4790
6035	4791
6036	4792
6037	4793
6038	3236
6039	4794
6040	4795
6041	4796
6042	4797
6043	4798
6044	4799
6045	4800
6046	4801
6047	4801
6048	4802
6049	4803
6050	4804
6051	4805
6052	4806
6053	4807
6054	4808
6055	4809
6056	4810
6057	4811
6058	4812
6059	4813
6060	4814
6061	4815
6062	4816
6063	4817
6064	4818
6065	4819
6066	4820
6067	4821
6068	4822
6069	4823
6070	4824
6071	4825
6072	4826
6073	4827
6074	4828
6075	4829
6076	4830
6077	4831
6078	4832
6079	4833
6080	4834
6081	4835
6082	4836
6083	4836
6084	4837
6085	4838
6086	4839
6087	4840
6088	4841
6089	4842
6090	4843
6091	4844
6092	4845
6093	4846
6094	4847
6095	4848
6096	4849
6097	4850
6098	4851
6099	4852
6100	4853
6101	4854
6102	4855
6103	4856
6104	4857
6105	4858
6106	4859
6107	4860
6108	4861
6109	4862
6110	4863
6111	4864
6112	4865
6113	4866
6114	4867
6115	4868
6116	4869
6117	4870
6118	4871
6119	4872
6120	4873
6121	4874
6122	4875
6123	4876
6124	4877
6125	4878
6126	4879
6127	4880
6128	4881
6129	4882
6130	4883
6131	4884
6132	4885
6133	4886
6134	4887
6135	4888
6136	4889
6137	4890
6138	4891
6139	4892
6140	4893
6141	4894
6142	4895
6143	4896
6144	4897
6145	4898
6146	4899
6147	4900
6148	4901
6149	4902
6150	4903
6151	4904
6152	4905
6153	4906
6154	4907
6155	4908
6156	4909
6157	4910
6158	4911
6159	4912
6160	4913
6161	4914
6162	4915
6163	4916
6164	4917
6165	4918
6166	4919
6167	4920
6168	4921
6169	4922
6170	4923
6171	4924
6172	4925
6173	4925
6174	4926
6175	4927
6176	600
6177	600
6178	3700
6179	4928
6180	4929
6181	4930
6182	4931
6183	4932
6184	4933
6185	4934
6186	4935
6187	4936
6188	4937
6189	4938
6190	4939
6191	4940
6192	4941
6193	4942
6194	4943
6195	4944
6196	4945
6197	4946
6198	4947
6199	4948
6200	4949
6201	4950
6202	4951
6203	4952
6204	4953
6205	4954
6206	4955
6207	4956
6208	4957
6209	4958
6210	4959
6211	4960
6212	4961
6213	4962
6214	4963
6215	4964
6216	4965
6217	4966
6218	4967
6219	4968
6220	4969
6221	4970
6222	4971
6223	4972
6224	4973
6225	4974
6226	4975
6227	4976
6228	4977
6229	4978
6230	4979
6231	4980
6232	4981
6233	4982
6234	4983
6235	634
6236	4984
6237	4985
6238	4986
6239	4987
6240	4988
6241	4989
6242	4990
6243	4991
6244	4992
6245	4993
6246	4993
6247	4994
6248	4995
6249	4996
6250	4997
6251	4085
6252	4998
6253	4999
6254	5000
6255	5001
6256	5002
6257	5003
6258	5004
6259	5005
6260	5006
6261	5007
6262	5008
6263	5009
6264	5010
6265	5011
6266	5012
6267	5013
6268	5014
6269	5015
6270	5016
6271	5017
6272	5018
6273	5019
6274	5020
6275	5021
6276	5022
6277	5023
6278	5024
6279	5025
6280	5026
6281	5027
6282	5028
6283	5029
6284	5030
6285	5031
6286	5032
6287	5033
6288	5034
6289	5035
6290	5036
6291	5037
6292	5038
6293	5039
6294	5040
6295	5041
6296	5042
6297	5043
6298	5044
6299	5045
6300	5046
6301	5047
6302	5048
6303	5049
6304	5050
6305	5051
6306	5052
6307	5053
6308	5054
6309	5055
6310	5056
6311	4682
6312	5057
6313	5058
6314	5059
6315	5060
6316	5061
6317	5062
6318	5063
6319	5064
6320	5065
6321	5066
6322	3757
6323	5067
6324	5068
6325	5069
6326	5070
6327	5071
6328	5072
6329	5073
6330	5074
6331	5075
6332	5076
6333	5077
6334	5078
6335	5079
6336	5080
6337	5081
6338	5082
6339	5083
6340	5084
6341	5085
6342	5086
6343	2884
6344	5087
6345	5088
6346	5089
6347	5090
6348	5091
6349	5092
6350	5093
6351	5094
6352	5095
6353	5096
6354	5097
6355	5098
6356	1361
6357	5099
6358	5100
6359	5101
6360	5102
6361	5103
6362	5104
6363	5105
6364	5035
6365	5106
6366	5107
6367	5108
6368	5109
6369	5110
6370	5111
6371	5112
6372	5113
6373	5114
6374	5115
6375	5116
6376	5117
6377	5118
6378	5119
6379	5120
6380	5121
6381	5122
6382	5123
6383	5124
6384	5125
6385	5126
6386	5127
6387	5128
6388	5129
6389	5130
6390	5131
6391	5132
6392	5133
6393	5134
6394	5135
6395	5136
6396	5137
6397	5138
6398	4752
6399	5139
6400	5140
6401	5141
6402	5142
6403	5143
6404	5144
6405	5145
6406	5146
6407	5147
6408	5148
6409	5149
6410	5150
6411	5151
6412	5152
6413	5153
6414	5154
6415	5155
6416	3535
6417	5156
6418	5157
6419	5158
6420	5159
6421	5160
6422	5161
6423	5162
6424	5163
6425	5163
6426	5164
6427	5165
6428	5166
6429	5167
6430	5168
6431	5169
6432	5170
6433	5171
6434	5172
6435	5173
6436	5174
6437	5137
6438	5175
6439	5176
6440	5177
6441	5178
6442	5179
6443	5180
6444	5181
6445	5182
6446	5183
6447	5184
6448	5185
6449	5186
6450	5048
6451	5187
6452	5171
6453	5188
6454	5189
6455	5190
6456	5191
6457	5192
6458	5161
6459	5193
6460	5194
6461	5195
6462	5196
6463	5197
6464	5198
6465	5199
6466	5200
6467	5201
6468	5202
6469	5203
6470	5204
6471	5205
6472	5142
6473	5206
6474	5207
6475	5208
6476	5209
6477	5189
6478	5210
6479	5211
6480	5212
6481	3506
6482	5213
6483	5214
6484	5215
6485	5216
6486	5217
6487	5218
6488	5219
