Unique_Seq_ID	Mod_Count	Mod_Description	Monoisotopic_Mass
1	0		4524.29116
2	0		3664.96741
3	0		4059.03357
4	0		2140.05076
5	0		4334.12417
6	0		2875.43506
7	0		2793.37207
8	0		2177.17782
9	0		3727.72045
10	0		2876.34718
11	0		3402.67391
12	0		3612.70494
13	0		2584.28081
14	0		2613.27818
15	0		2406.22522
16	0		2248.99053
17	0		1958.04719
18	0		2966.26971
19	0		3487.71993
20	0		3026.49251
21	0		2900.4377
22	0		2212.18104
23	0		3008.47256
24	0		2458.28887
25	0		2437.19062
26	0		2920.37788
27	0		2844.32948
28	0		2743.46155
29	0		2245.12253
30	0		3841.95988
31	0		3709.80444
32	0		2337.23274
33	0		3024.49013
34	0		3015.60278
35	0		2565.23143
36	0		2895.35365
37	0		3850.88005
38	0		2820.57076
39	0		3607.73253
40	0		2223.15344
41	0		2153.03881
42	0		1937.95542
43	0		2360.13574
44	0		3147.47435
45	0		2469.34124
46	0		2140.96604
47	0		2010.11085
48	0		2075.04216
49	0		2762.36223
50	0		2556.27803
51	0		2072.04
52	0		2307.97013
53	0		2214.05855
54	0		2102.0544
55	0		2206.29356
56	0		3031.61633
57	0		2020.91995
58	0		3287.57083
59	0		2905.36499
60	0		1954.873
61	0		2632.23656
62	0		2981.50341
63	0		3624.81322
64	0		3316.63963
65	0		3313.75162
66	0		2139.06357
67	0		4535.4711
68	0		1988.99753
69	0		2127.01529
70	0		1747.88522
71	0		2580.32948
72	0		1987.9486
73	1	Plus1Oxy:2	2307.99527
74	0		2992.62319
75	0		3862.97931
76	0		2381.25896
77	0		2097.03372
78	0		2292.26292
79	0		2321.15383
80	0		2275.14183
81	0		2345.20481
82	0		3090.53305
83	0		3202.81751
84	0		1933.97442
85	0		2422.2015
86	0		2224.24998
87	0		3322.63896
88	0		2617.32676
89	0		1734.07665
90	0		1562.80519
91	0		2981.51418
92	0		1829.94234
93	0		3442.56217
94	0		2087.98327
95	0		2769.39722
96	0		2820.37913
97	0		2508.36989
98	0		3491.89861
99	0		2838.3922
100	0		3520.87167
101	0		2007.00606
102	0		3059.4731
103	0		2325.164
104	0		2938.55511
105	0		2062.06938
106	0		2481.14809
107	0		1761.86065
108	0		1954.04825
109	0		1989.05703
110	0		2292.00037
111	0		2636.36263
112	0		2283.08404
113	0		2093.03881
114	0		1786.98281
115	0		2086.05948
116	0		2716.40706
117	0		2702.43903
118	0		2569.21261
119	0		2125.15707
120	0		2495.11275
121	0		2195.04937
122	0		3209.55153
123	0		1994.05056
124	0		3583.85608
125	0		3138.62828
126	0		2765.43869
127	0		1852.94576
128	0		2163.06675
129	0		2736.40225
130	0		2108.11124
131	0		2222.09665
132	0		2126.15906
133	0		2131.13125
134	0		2259.14691
135	0		3339.6774
136	0		3110.64326
137	0		1678.90015
138	0		2204.13976
139	0		2180.07823
140	0		2053.1683
141	0		2351.16526
142	0		3113.45514
143	0		2075.09315
144	0		2739.21213
145	0		1564.76333
146	0		1980.9978
147	0		2320.17971
148	0		2443.30313
149	0		2457.18513
150	0		3059.60251
151	0		2993.40502
152	0		2467.24945
153	0		3586.75379
154	0		2032.01656
155	0		2106.08436
156	0		2602.43691
157	0		1933.97442
158	0		2602.42165
159	0		2021.90377
160	0		1963.91374
161	0		2920.5003
162	0		2422.27024
163	0		2425.18025
164	0		2427.32597
165	0		2730.51661
166	0		1532.81575
167	0		2106.08186
168	0		2422.2855
169	0		1638.894
170	0		1984.96286
171	0		2470.17251
172	0		2170.96537
173	0		2925.37141
174	0		1988.9764
175	0		2189.11878
176	2	Plus1Oxy:1,Plus1Oxy:13	1599.68676
177	0		2640.24635
178	0		2654.1951
179	0		2374.16196
180	0		2393.18369
181	0		2059.1061
182	0		1620.85828
183	0		2020.04758
184	0		3304.73821
185	0		2851.44246
186	0		2831.434
187	0		2127.0968
188	0		3240.56224
189	0		1718.8773
190	0		2431.29527
191	0		2306.17529
192	0		2273.19894
193	0		2911.44966
194	0		1945.00433
195	0		1959.9319
196	0		1953.922
197	0		1589.83721
198	0		1596.81469
199	0		1789.92094
200	0		3594.93091
201	0		2080.16797
202	0		2032.09923
203	0		2769.39472
204	0		3196.46576
205	0		2716.29073
206	0		1949.05809
207	0		1525.72728
208	0		1616.91368
209	0		1721.81409
210	0		2053.04792
211	0		2013.11791
212	0		2301.19636
213	0		2983.47731
214	0		2222.23816
215	0		2263.16295
216	0		2175.06378
217	0		2488.32056
218	0		2044.06284
219	0		2884.44529
220	0		2325.14222
221	0		1981.03419
222	0		1556.798
223	0		3322.4869
224	0		1857.94063
225	0		2174.19457
226	0		2587.48352
227	0		2070.10951
228	0		2283.08001
229	0		2405.20011
230	0		2030.1047
231	0		3253.63276
232	0		2115.12108
233	0		2468.21821
234	0		2870.50375
235	0		2657.32321
236	0		1999.08363
237	0		2521.2964
238	0		2911.53769
239	0		2289.17523
240	0		2187.07346
241	0		2528.36962
242	0		1857.88561
243	0		2452.23453
244	0		2726.38152
245	0		1686.91513
246	0		2744.32942
247	0		2196.17892
248	0		2311.08616
249	0		2529.359
250	0		2200.22145
251	0		2755.34856
252	0		2798.42867
253	0		1756.83391
254	0		1780.9543
255	0		2242.12689
256	0		2947.46293
257	0		4059.09128
258	0		2474.28379
259	0		2156.08946
260	0		3158.59652
261	1	Plus1Oxy:13	1583.69186
262	0		1854.98387
263	0		1743.86785
264	0		1512.78954
265	0		2561.30458
266	0		3314.70864
267	0		2414.29165
268	0		2622.2167
269	0		2881.48603
270	0		1685.76915
271	1	Plus1Oxy:1	1583.69186
272	0		2700.37174
273	0		1809.838
274	0		2782.43625
275	0		2801.38705
276	0		1633.80592
277	0		2903.54652
278	0		1850.93079
279	0		2447.29065
280	0		2004.11421
281	0		1888.96036
282	0		2168.1265
283	0		2183.03814
284	0		2920.53198
285	0		2906.4521
286	0		2264.18988
287	0		1622.78993
288	0		1802.8798
289	0		2009.94372
290	0		1471.86092
291	0		2022.15126
292	0		2381.16506
293	0		2810.46016
294	0		1868.90853
295	0		1423.73064
296	0		1699.80525
297	0		2780.17352
298	0		2129.13673
299	0		2239.14115
300	0		1698.75836
301	0		2847.46933
302	0		1608.74127
303	0		1974.96861
304	0		2337.30888
305	0		1792.86646
306	0		2050.06688
307	0		1594.74874
308	0		1705.92497
309	0		2117.0487
310	0		1991.07605
311	0		2210.04904
312	0		3551.80674
313	0		1811.99919
314	0		1813.88053
315	0		2070.14723
316	0		2495.31177
317	0		2044.97006
318	0		1813.99708
319	0		2858.36111
320	0		1928.98763
321	0		2327.22343
322	0		2675.35939
323	0		1957.04205
324	0		1855.85873
325	0		1759.97191
326	0		2359.24945
327	0		1864.95296
328	0		2677.38224
329	0		2206.03973
330	0		2004.01716
331	0		1725.86536
332	0		2261.14393
333	0		1965.97548
334	0		1987.04475
335	0		2332.09302
336	0		1619.88819
337	0		1972.84718
338	0		2237.19558
339	0		2248.1222
340	0		2035.06251
341	0		1728.78168
342	0		1494.77177
343	0		3800.01066
344	0		1722.88277
345	0		3019.5952
346	0		2677.44781
347	0		2335.29976
348	0		2052.00103
349	0		2256.17827
350	0		2499.33318
351	0		3614.79988
352	1	Plus1Oxy:11	2077.0699
353	0		3258.63665
354	0		1906.93924
355	0		2163.07031
356	0		2030.02944
357	0		1346.72272
358	0		2541.15997
359	1	Plus1Oxy:37	3743.71535
360	0		2682.3652
361	0		1720.8678
362	0		1967.97403
363	0		1660.80156
364	0		2720.42847
365	0		3953.093
366	0		1620.82593
367	0		1995.95771
368	0		2098.10576
369	0		2109.14287
370	0		2431.12907
371	0		1622.87796
372	0		1474.76266
373	0		2079.04244
374	0		2325.20759
375	0		2355.31608
376	0		1951.98988
377	0		1892.96313
378	0		2617.28451
379	0		1602.8001
380	0		2187.14623
381	0		2151.18395
382	0		2107.14248
383	0		1626.82863
384	0		1452.74595
385	0		2196.21531
386	0		2179.01491
387	0		3609.65882
388	0		2069.05809
389	0		3576.7676
390	0		1775.88351
391	0		2225.15516
392	0		1668.9661
393	0		1709.75995
394	0		1614.83246
395	0		1804.96822
396	0		3765.85178
397	0		2378.12115
398	0		1887.93593
399	0		2548.29541
400	0		2295.0993
401	0		1685.81475
402	0		1892.93012
403	0		3176.64325
404	0		1510.75143
405	0		1957.97779
406	0		3361.71273
407	0		2722.38595
408	0		1752.8464
409	0		4702.38763
410	0		1600.83207
411	0		1663.80122
412	0		2303.16526
413	0		2351.16037
414	0		2411.25829
415	0		1427.8347
416	0		1770.97397
417	0		2047.14248
418	0		2186.07552
419	0		2142.11422
420	0		2242.15925
421	0		2417.30255
422	0		2312.07486
423	0		2980.39136
424	0		1753.86343
425	0		1353.72516
426	0		2529.25724
427	0		2099.0534
428	0		2186.11057
429	0		1471.76299
430	0		1847.97403
431	0		3580.79691
432	0		3668.87179
433	0		2987.41874
434	0		1462.74153
435	0		1664.92088
436	0		3320.70981
437	1	Plus1Oxy:3	2004.99243
438	0		2681.38792
439	0		2309.15383
440	0		2302.16914
441	0		1797.99477
442	0		2145.01999
443	0		2225.12147
444	0		2024.01014
445	0		2376.1201
446	0		3347.62048
447	0		1993.94141
448	0		2219.18368
449	0		3292.73016
450	0		2897.42344
451	0		2052.01313
452	0		1885.98968
453	0		2133.03775
454	0		2181.2408
455	0		1448.80988
456	0		1476.72417
457	0		2177.26701
458	0		2133.13904
459	0		1367.77719
460	0		1489.74457
461	0		1860.96928
462	0		2880.53438
463	0		1995.08872
464	0		1655.85901
465	0		1805.8736
466	0		1598.79396
467	0		1537.89394
468	0		1567.78412
469	0		1387.69828
470	0		1563.80446
471	0		1762.99404
472	0		1436.79865
473	0		1365.68877
474	0		1909.05194
475	0		1526.73645
476	0		2020.04758
477	0		1364.70476
478	0		1276.66223
479	0		2615.24839
480	0		1676.82162
481	0		1834.96755
482	0		2492.28782
483	0		1601.78373
484	0		1976.00361
485	0		2478.21246
486	1	Plus1Oxy:6	3129.45004
487	0		3740.01672
488	0		1509.76089
489	0		2921.46703
490	0		2148.14254
491	0		1525.8351
492	0		2769.27031
493	0		1405.69492
494	0		2266.02513
495	0		3370.70433
496	0		1499.71029
497	0		2400.23175
498	0		2271.13434
499	2	Plus1Oxy:4,Plus1Oxy:12	1469.61254
500	0		1685.90212
501	0		1578.8075
502	0		1760.96064
503	0		2956.41177
504	0		1492.71571
505	0		1883.99516
506	0		2118.08186
507	0		1515.78921
508	0		2037.0629
509	0		2819.33224
510	0		1852.94644
511	0		2237.28161
512	0		2140.22548
513	0		1383.65259
514	0		1305.6928
515	0		1955.94485
516	0		1318.68019
517	0		1961.03563
518	0		2080.04443
519	1	Plus1Oxy:6	2927.44456
520	0		1680.98856
521	0		1865.8981
522	0		1592.82699
523	0		2305.03266
524	0		3735.83872
525	0		1545.82242
526	0		2970.5748
527	0		1898.99885
528	0		1962.92187
529	0		2387.21788
530	0		1813.91691
531	0		2054.96967
532	0		2368.20217
533	0		1943.91836
534	0		2817.55266
535	0		2346.22185
536	0		2636.42847
537	0		4544.15539
538	0		2891.55373
539	0		1291.57923
540	0		2729.40952
541	0		2209.08365
542	0		1212.56219
543	0		1463.71519
544	0		2363.23803
545	0		1886.92608
546	0		1362.71426
547	0		2322.247
548	0		1878.93223
549	0		1751.01267
550	0		4684.42085
551	0		1450.71254
552	0		1354.78194
553	0		1472.74701
554	0		1732.82018
555	0		1762.93653
556	0		1741.76188
557	0		2011.05261
558	0		1391.72305
559	0		2272.15205
560	0		2048.01148
561	0		1337.71901
562	0		1510.9082
563	0		2068.24476
564	0		1400.76227
565	0		1785.83213
566	0		3496.71827
567	0		1625.8736
568	0		1375.70951
569	0		3015.61402
570	0		1592.88852
571	0		2128.04758
572	0		1661.83721
573	0		1446.699
574	0		1837.92094
575	0		2128.13495
576	0		2361.04679
577	0		1864.00533
578	0		2383.16948
579	0		2637.35048
580	0		1494.73876
581	0		1312.74623
582	0		1303.68838
583	0		1559.83068
584	0		1371.69213
585	0		1603.80525
586	0		2204.0596
587	0		2071.05848
588	0		2618.36242
589	0		2154.10549
590	0		1317.73255
591	0		1991.99516
592	0		1516.79838
593	0		2328.25104
594	0		1971.99094
595	0		3364.67555
596	0		2583.24602
597	0		3383.69575
598	0		1530.72484
599	0		2041.91626
600	0		3064.58028
601	0		2632.28418
602	0		1336.66223
603	0		1719.90557
604	0		1213.65536
605	0		1928.06178
606	0		1632.77428
607	0		1926.89201
608	0		1655.90279
609	0		1601.84124
610	0		2066.98493
611	1	Plus1Oxy:18	1922.93414
612	0		1540.88238
613	0		1410.783
614	0		1424.80605
615	0		4037.1624
616	0		3135.51476
617	0		1929.03188
618	0		2256.15377
619	0		1677.89367
620	0		1977.95773
621	0		1577.86639
622	0		2386.25249
623	0		1303.65537
624	0		1552.79185
625	0		1843.94273
626	0		2863.46894
627	0		2101.96993
628	0		1355.72958
629	0		1803.92669
630	0		1239.63933
631	0		2578.43288
632	0		1088.56477
633	0		1374.64552
634	0		1305.67504
635	0		1949.01047
636	0		1693.97258
637	0		1534.8242
638	0		1689.8355
639	0		1481.82011
640	0		3102.52565
641	0		1896.9329
642	0		2885.2925
643	0		1837.03082
644	0		1796.85888
645	0		1625.77568
646	0		1913.96684
647	0		1257.65642
648	0		1412.6724
649	0		2166.20475
650	0		1609.7583
651	0		2456.34599
652	0		1479.68879
653	0		2434.12895
654	0		1635.83682
655	0		1229.61522
656	0		1904.9764
657	0		1605.86985
658	0		1442.77283
659	0		1490.76497
660	0		1366.67279
661	0		1888.0087
662	0		2631.36553
663	0		2180.04837
664	0		2412.11137
665	0		1256.61086
666	0		1259.70845
667	0		2559.40595
668	0		1572.8293
669	0		1550.76294
670	0		2162.04904
671	0		1730.90496
672	0		1705.89981
673	0		2669.30439
674	0		1454.73461
675	0		3276.65614
676	0		1994.07637
677	0		2323.27461
678	0		1357.7313
679	0		2129.17311
680	0		1837.04205
681	0		1081.57019
682	0		1323.71862
683	0		1946.01483
684	0		1639.89327
685	0		2252.21234
686	0		3268.75281
687	0		2018.1047
688	0		1405.69492
689	0		1993.08833
690	0		1881.01412
691	0		2305.10814
692	0		1858.97226
693	0		1708.87835
694	0		1554.87287
695	0		2355.34123
696	0		1976.95911
697	0		1431.73572
698	0		1414.6438
699	0		1518.74259
700	0		1218.67201
701	0		1559.73678
702	0		4377.25776
703	0		1820.96716
704	0		2954.54466
705	0		1407.76088
706	0		1406.78809
707	0		1938.04211
708	0		1358.75573
709	0		1343.6833
710	0		1885.01959
711	0		1392.76121
712	0		1648.77659
713	0		3003.55517
714	0		2352.21465
715	0		1672.79906
716	0		2034.02685
717	0		1402.77071
718	0		1330.75296
719	0		2447.26952
720	0		1497.84018
721	0		1329.64116
722	0		1348.69861
723	0		1672.89948
724	0		1381.80024
725	0		1823.99919
726	0		2002.03702
727	0		4091.00227
728	0		1312.75362
729	0		2298.18546
730	0		2734.45401
731	0		3779.82855
732	0		1394.66118
733	0		1638.86885
734	0		1702.8485
735	0		3441.66281
736	0		1317.67754
737	0		3462.80332
738	0		1520.85616
739	0		2319.24331
740	0		1373.68983
741	0		1497.87657
742	0		1273.70297
743	0		2148.11018
744	0		1380.76861
745	0		1300.72377
746	0		2589.2921
747	0		2723.46789
748	0		3456.66584
749	0		1276.59685
750	0		1444.82487
751	0		2221.07176
752	0		1679.87043
753	0		1772.85551
754	0		1975.02612
755	0		1470.81536
756	0		3017.48815
757	0		3516.72401
758	0		1792.78717
759	0		1621.80994
760	0		3211.58244
761	0		1324.77138
762	0		1211.53189
763	0		1506.77514
764	1	Plus1Oxy:2	1319.65027
765	0		1528.8361
766	0		2378.10992
767	0		2794.37135
768	0		2649.441
769	0		1967.94841
770	0		1269.6928
771	0		1368.7109
772	0		2133.15027
773	0		1507.83576
774	0		2015.9799
775	0		1437.81905
776	0		1317.70403
777	0		1121.57163
778	0		3115.58647
779	0		2372.34665
780	0		1544.82315
781	0		1281.67504
782	0		1561.8351
783	0		1664.87729
784	1	Plus1Oxy:13	3743.71535
785	0		1725.80698
786	0		1240.65233
787	0		2906.56865
788	0		1209.61014
789	0		1783.99775
790	0		1379.78842
791	0		3089.57802
792	0		2545.28114
793	0		1465.8252
794	0		2145.05235
795	0		1442.7616
796	0		1585.9191
797	0		3650.83224
798	0		1545.7939
799	0		1249.65536
800	0		2118.12477
801	0		2430.1008
802	0		1901.9846
803	0		3244.63626
804	0		4544.24975
805	0		1595.82665
806	0		1489.7632
807	0		2352.34493
808	0		1316.65714
809	0		1799.88819
810	0		1388.70476
811	0		1103.64507
812	0		1289.69789
813	0		1413.71393
814	0		3253.68171
815	0		1688.86203
816	0		2654.51449
817	0		1255.71354
818	0		1682.83755
819	1	Plus1Oxy:3	1874.92944
820	0		1434.81939
821	0		1962.97851
822	0		2275.1261
823	0		1533.79257
824	0		1483.77825
825	0		1604.85214
826	0		1436.75237
827	0		1360.63707
828	0		1238.72337
829	0		1433.77652
830	0		1862.96247
831	0		2210.18334
832	0		2207.10438
833	0		2174.18468
834	0		1787.88351
835	0		2425.26991
836	0		3542.73498
837	0		2005.96387
838	0		1395.74695
839	0		1293.6928
840	0		1273.66996
841	0		1765.96135
842	0		1907.92642
843	0		2309.26298
844	0		2074.09051
845	0		1755.87908
846	0		1729.89195
847	1	Plus1Oxy:1	2653.34538
848	0		1396.82889
849	0		2039.10101
850	0		1822.95382
851	0		1188.65021
852	0		3162.57914
853	0		2618.34916
854	0		1584.87221
855	0		2521.27864
856	0		1234.63054
857	0		1882.9424
858	0		1448.73328
859	0		1360.76015
860	0		2455.20184
861	0		2614.33246
862	0		1347.73975
863	0		1460.76564
864	0		1469.82011
865	0		1820.96313
866	0		1572.85108
867	0		1218.53387
868	0		3535.77142
869	0		1413.81905
870	0		2168.19141
871	0		1268.72404
872	0		1856.03663
873	0		1579.89327
874	0		1544.79329
875	0		1817.86911
876	0		2104.12756
877	0		1882.99991
878	0		1511.79429
879	0		1096.56246
880	0		1603.85689
881	0		2025.00539
882	0		2422.12087
883	0		1303.68052
884	0		2278.13026
885	0		1407.71057
886	0		1926.89584
887	0		1458.81939
888	0		1335.7146
889	0		1405.62955
890	0		1260.65608
891	0		1928.9665
892	0		1536.73069
893	0		2140.03635
894	0		2705.40634
895	0		1183.71756
896	0		1301.59613
897	0		1526.79396
898	0		2099.03947
899	1	Plus1Oxy:3	1421.64557
900	0		1817.94571
901	0		2282.2058
902	0		2377.13713
903	0		1646.83755
904	0		2753.43467
905	0		2504.26449
906	0		1272.66731
907	0		1581.80717
908	0		1372.67683
909	0		1315.67312
910	0		2283.1858
911	0		1374.6965
912	0		1574.76881
913	0		2090.06766
914	0		1307.68732
915	0		3285.76073
916	0		2767.36229
917	0		2127.06357
918	0		2230.13026
919	0		2085.13298
920	0		1937.9846
921	1	Plus1Oxy:7	1106.51378
922	0		1566.81153
923	0		1424.70476
924	0		1521.76741
925	0		1573.77693
926	0		3866.93247
927	0		1395.73572
928	0		1330.74556
929	0		1327.77105
930	0		1443.78671
931	0		2872.55194
932	0		3450.73392
933	0		1350.6965
934	0		1299.62473
935	0		2065.20335
936	0		2139.2336
937	0		1891.17569
938	0		1530.80413
939	0		1438.72041
940	0		1222.61931
941	0		1464.7208
942	0		1913.99449
943	0		2047.01623
944	0		2038.0231
945	0		2083.0268
946	0		2452.3073
947	0		2641.28049
948	0		1201.6302
949	0		1942.97342
950	0		2296.03167
951	0		1335.66698
952	0		1086.50937
953	0		1083.6036
954	0		2071.11599
955	0		2483.3998
956	0		2687.36659
957	0		1291.7023
958	0		1943.08391
959	0		2213.93882
960	0		1352.73394
961	0		1490.83187
962	0		2858.52104
963	0		1341.72516
964	0		1430.78809
965	0		2061.03525
966	0		2777.31178
967	0		1953.91414
968	0		1306.68805
969	0		1033.51135
970	0		2333.18619
971	0		2572.36818
972	0		2180.11124
973	0		4110.14239
974	0		1786.90601
975	0		2776.26826
976	0		1648.81681
977	0		3403.77678
978	0		1410.73941
979	0		1307.67207
980	0		1418.64255
981	0		3402.70942
982	0		1436.74114
983	0		2055.01682
984	0		2380.21743
985	0		3336.60899
986	0		1072.55863
987	0		1522.8242
988	0		2093.16188
989	0		1660.80895
990	0		1886.03596
991	0		2604.36989
992	0		1755.95185
993	0		2410.2954
994	0		1383.80849
995	0		2167.1061
996	0		2998.56838
997	0		1266.56622
998	0		1874.00494
999	0		3014.52756
1000	0		1426.77792
1001	0		3757.90237
1002	0		1584.85445
1003	0		1559.79429
1004	0		3067.67047
1005	0		2715.37477
1006	0		2836.40304
1007	0		3217.68777
1008	0		1464.76121
1009	0		1850.94134
1010	1	Plus1Oxy:4	1254.71175
1011	0		1929.96828
1012	0		1233.73321
1013	0		1487.74668
1014	0		1060.60287
1015	0		1856.94538
1016	0		1507.73784
1017	0		2414.3168
1018	0		1380.66731
1019	1	Plus1Oxy:2	1671.89769
1020	0		2586.31758
1021	0		1235.72371
1022	0		1488.75718
1023	0		2908.47178
1024	0		2017.01153
1025	0		2480.26333
1026	0		1051.57739
1027	0		2205.32077
1028	0		1952.06899
1029	1	Plus1Oxy:1	1321.66994
1030	0		1851.95771
1031	0		3189.54982
1032	0		2382.27936
1033	0		1377.74042
1034	0		1737.85326
1035	0		3655.94595
1036	0		3025.53636
1037	0		1251.68224
1038	0		1526.83437
1039	0		1965.0359
1040	0		2449.35794
1041	0		2976.48023
1042	0		1180.68151
1043	0		1446.867
1044	0		2624.31211
1045	0		1114.57705
1046	0		1625.88886
1047	0		2146.04039
1048	0		1989.99814
1049	0		2523.33318
1050	0		1792.93586
1051	0		2467.19868
1052	0		1934.03999
1053	0		1202.658
1054	0		1152.6026
1055	0		3508.86631
1056	0		2263.21709
1057	0		1432.73097
1058	0		2753.29653
1059	0		1725.98756
1060	0		1443.71394
1061	0		2685.40462
1062	0		2961.67239
1063	0		1348.66962
1064	0		1193.71314
1065	0		1029.54542
1066	0		2318.19055
1067	0		1729.87466
1068	0		2250.20409
1069	0		1383.73572
1070	0		2162.08495
1071	0		1159.56213
1072	0		1732.86646
1073	0		1340.69353
1074	0		3306.63415
1075	0		1668.79944
1076	0		2167.18876
1077	0		3791.98398
1078	0		1285.78697
1079	0		2046.09962
1080	0		1883.98143
1081	0		1330.74959
1082	0		1220.60366
1083	0		1859.94888
1084	0		1907.92979
1085	0		1603.95952
1086	0		2340.25824
1087	0		1409.72622
1088	0		1230.67201
1089	0		2213.10755
1090	0		1300.75025
1091	0		1708.82421
1092	0		1439.75204
1093	0		2739.3714
1094	0		1409.77066
1095	0		2282.19055
1096	0		1083.57461
1097	0		1060.56986
1098	0		1785.9049
1099	0		1341.70403
1100	0		1093.57672
1101	0		1829.93698
1102	0		1058.57197
1103	0		1280.70226
1104	0		1201.61245
1105	0		1318.65166
1106	0		1073.61204
1107	0		2295.21432
1108	0		1371.68561
1109	0		2215.13462
1110	0		1705.87735
1111	0		1142.60432
1112	0		1413.80782
1113	0		2021.01768
1114	0		1675.81648
1115	0		1246.67815
1116	0		1335.70336
1117	0		1858.93454
1118	0		1517.78373
1119	0		1533.83366
1120	0		1253.73427
1121	0		1655.85583
1122	0		1344.77647
1123	0		2363.2194
1124	0		1866.95151
1125	0		2898.4663
1126	0		1780.97562
1127	0		1221.5989
1128	0		1266.73692
1129	0		1821.83887
1130	0		2591.33377
1131	0		1283.63318
1132	0		1437.80782
1133	0		2481.15798
1134	0		2691.39406
1135	2	Plus1Oxy:3,Plus1Oxy:5	1323.55464
1136	1	Plus1Oxy:11	1506.82677
1137	0		1326.67067
1138	0		1278.6819
1139	0		2572.2882
1140	1	Plus1Oxy:6	1232.58925
1141	0		3623.81884
1142	0		1898.91572
1143	0		1902.02098
1144	0		2478.18546
1145	0		1454.76563
1146	0		1612.82084
1147	0		1159.59718
1148	0		1999.005
1149	1	Plus1Oxy:1	1736.8627
1150	0		1355.80235
1151	0		1240.65636
1152	0		1229.6112
1153	0		2234.25208
1154	0		1650.84638
1155	0		1717.96135
1156	0		1557.84018
1157	0		2429.20079
1158	0		1281.60967
1159	0		2243.17581
1160	0		1348.68738
1161	0		2746.3417
1162	0		1232.67643
1163	0		1183.56213
1164	0		1683.84269
1165	0		2545.22903
1166	0		1906.05631
1167	0		1387.73064
1168	1	Plus1Oxy:4	1430.64591
1169	0		3078.59122
1170	0		1176.62909
1171	0		1168.69274
1172	0		2938.49311
1173	0		1217.67676
1174	0		1052.59779
1175	0		1557.86131
1176	0		1171.65602
1177	0		3206.68617
1178	0		3935.92965
1179	0		1103.59745
1180	0		1588.75144
1181	0		3824.97289
1182	0		2951.52387
1183	0		1825.0672
1184	0		2822.5792
1185	0		1387.71288
1186	0		2064.09645
1187	0		2563.2991
1188	0		1773.03993
1189	0		1626.76775
1190	0		2805.37794
1191	0		1884.96142
1192	0		1290.69313
1193	0		1125.60427
1194	0		1124.59779
1195	0		1147.541
1196	0		1334.6751
1197	0		1822.94643
1198	0		1231.59786
1199	0		1196.68766
1200	0		2347.34737
1201	0		1306.62268
1202	0		1204.64513
1203	0		1100.61891
1204	0		1647.91949
1205	0		2015.01451
1206	0		4275.25506
1207	0		3820.93573
1208	0		2965.47548
1209	0		1600.76333
1210	0		1270.67682
1211	0		1771.88859
1212	0		1174.65703
1213	0		1255.71354
1214	0		2209.07038
1215	0		4093.07247
1216	0		1446.77514
1217	0		1915.01489
1218	0		1074.57091
1219	0		1481.75474
1220	1	Plus1Oxy:1	1777.85555
1221	0		1562.83437
1222	0		1260.71896
1223	0		1469.82751
1224	0		1043.56107
1225	0		1882.9498
1226	0		1416.74595
1227	0		1752.90456
1228	0		2122.10913
1229	0		1414.81833
1230	0		3108.64537
1231	0		1686.87961
1232	0		1448.7735
1233	0		1517.83404
1234	0		1381.82923
1235	0		2429.30524
1236	0		1726.82354
1237	0		1216.59435
1238	0		1633.8423
1239	0		1058.59712
1240	0		1300.67749
1241	0		2063.04687
1242	0		986.55084
1243	0		1128.61383
1244	0		1340.7663
1245	0		1310.58907
1246	0		1468.70851
1247	0		1343.70442
1248	0		3442.67132
1249	0		3611.92177
1250	0		2218.16798
1251	0		1721.95626
1252	0		1143.62473
1253	0		2351.05611
1254	0		1750.88105
1255	0		1863.95119
1256	0		1688.87797
1257	0		1372.69546
1258	0		1903.94947
1259	0		1401.67352
1260	0		1092.55632
1261	0		2900.44173
1262	0		1851.88984
1263	0		1887.02871
1264	0		1398.783
1265	0		1063.52977
1266	0		948.50283
1267	0		1779.9842
1268	0		2640.24635
1269	0		1676.92491
1270	0		2731.39147
1271	0		2468.2692
1272	0		2513.42159
1273	0		1111.62367
1274	0		1312.70264
1275	0		1592.81575
1276	0		1453.69089
1277	0		1870.03115
1278	0		1474.73751
1279	0		1512.85511
1280	0		2858.39815
1281	0		1053.51306
1282	0		2194.17875
1283	0		2309.2313
1284	0		1095.52699
1285	0		2066.06516
1286	0		1119.6036
1287	0		1557.82492
1288	0		1289.65027
1289	0		2874.53121
1290	0		1439.59527
1291	0		2652.26411
1292	0		2202.1605
1293	0		1361.66084
1294	0		2162.26082
1295	0		1044.47634
1296	0		1161.63932
1297	0		1041.5818
1298	0		1206.63562
1299	0		1774.88489
1300	0		1533.81503
1301	0		1896.92906
1302	0		1140.58868
1303	0		1194.72231
1304	0		1735.88139
1305	0		1704.81404
1306	0		2460.2423
1307	0		1461.74226
1308	0		1184.64004
1309	0		1546.72965
1310	0		1294.77205
1311	0		1368.75131
1312	1	Plus1Oxy:25	4075.08618
1313	0		2066.92629
1314	0		2265.24397
1315	0		1883.0264
1316	0		1138.58042
1317	0		2154.09559
1318	0		1444.82889
1319	0		1074.58214
1320	0		2490.2715
1321	0		1836.9329
1322	0		1089.54139
1323	0		1566.81134
1324	0		1152.56621
1325	0		1234.65569
1326	0		1221.63529
1327	0		1186.59415
1328	1	Plus1Oxy:3	1219.59784
1329	0		1505.75811
1330	0		1919.01248
1331	0		2160.32849
1332	1	Plus1Oxy:2	1803.87841
1333	0		1056.46645
1334	0		970.51954
1335	0		2530.26306
1336	0		1388.71215
1337	1	Plus1Oxy:32	3684.86669
1338	0		1367.80235
1339	0		1962.97535
1340	0		1301.68263
1341	0		2215.15238
1342	0		2616.31238
1343	0		1015.57739
1344	0		1112.59376
1345	0		2031.09006
1346	0		1472.80605
1347	0		3274.62907
1348	0		1396.81766
1349	0		1706.82632
1350	0		1277.63635
1351	0		1110.67603
1352	0		1081.6131
1353	0		2626.24846
1354	0		1535.86706
1355	0		990.5134
1356	0		1753.87082
1357	0		1232.64004
1358	0		1583.83405
1359	0		1385.66487
1360	0		2022.19888
1361	0		1124.5614
1362	0		1224.55969
1363	0		2157.20441
1364	1	Plus1Oxy:21	2402.24739
1365	0		2178.10299
1366	1	Plus1Oxy:2	2986.5697
1367	0		1267.66323
1368	0		1569.81503
1369	0		3292.73755
1370	0		1191.64988
1371	0		3165.62458
1372	0		2024.11527
1373	0		2397.23611
1374	0		1573.8351
1375	0		1325.62512
1376	0		2468.28128
1377	0		2283.17793
1378	0		1202.64811
1379	0		2056.02983
1380	0		1973.05089
1381	0		1168.58359
1382	0		1584.83582
1383	0		1561.70166
1384	0		1054.61344
1385	0		2203.2575
1386	0		1346.71935
1387	0		2363.14011
1388	0		3184.50551
1389	0		2677.22634
1390	0		1119.62875
1391	0		2290.17788
1392	0		1072.62803
1393	0		2090.06563
1394	0		1361.68263
1395	0		1986.09375
1396	0		1354.70918
1397	0		1092.58147
1398	0		2370.03992
1399	0		2075.11627
1400	0		1611.87321
1401	0		1759.87736
1402	0		2366.24403
1403	0		3034.51086
1404	0		1274.6506
1405	0		2919.49113
1406	0		1435.78565
1407	0		1206.62439
1408	0		2409.22825
1409	0		1032.56034
1410	0		1085.61925
1411	0		1288.68085
1412	0		3148.53113
1413	0		1075.49676
1414	0		1077.5818
1415	0		1738.82335
1416	1	Plus1Oxy:6	1162.52877
1417	0		1881.91077
1418	0		1000.5375
1419	0		2338.2684
1420	0		3277.70955
1421	0		1161.61416
1422	0		3679.76019
1423	0		1283.74483
1424	0		2775.41768
1425	0		2424.22838
1426	0		2088.10097
1427	0		1708.87183
1428	0		1395.73975
1429	0		2201.07116
1430	0		1703.84778
1431	0		1130.68112
1432	0		2715.46077
1433	0		1932.03557
1434	0		1845.99477
1435	0		1221.57375
1436	0		800.47556
1437	0		1341.80195
1438	0		3500.77942
1439	2	Plus1Oxy:2,Plus1Oxy:8	1471.60304
1440	0		2819.55841
1441	0		1329.76557
1442	1	Plus1Oxy:6	1572.7929
1443	0		1429.79284
1444	0		1370.76696
1445	0		1269.70806
1446	0		1373.73764
1447	0		2990.59381
1448	0		987.47332
1449	0		2662.30663
1450	0		1155.68626
1451	0		1248.6026
1452	0		1414.65101
1453	0		3257.91135
1454	0		1443.75435
1455	0		1185.66044
1456	0		2194.19313
1457	0		1029.5818
1458	2	Plus1Oxy:10,Plus1Oxy:11	1397.56626
1459	0		2192.08475
1460	0		1200.65358
1461	0		1159.62704
1462	0		1046.57936
1463	0		958.54469
1464	1	Plus1Oxy:22	3169.67989
1465	0		1333.68771
1466	0		1864.91658
1467	0		1458.7904
1468	0		1137.57778
1469	0		1133.6444
1470	0		1348.69861
1471	0		2163.20105
1472	0		1692.83582
1473	0		1488.71294
1474	0		1004.49669
1475	0		1989.10465
1476	0		1197.66044
1477	0		1003.45787
1478	0		2345.22257
1479	0		2165.19424
1480	0		1016.52502
1481	0		1035.57124
1482	0		1554.82276
1483	0		1874.97772
1484	0		2638.29474
1485	0		1824.96208
1486	0		2197.032
1487	0		1284.7037
1488	0		1554.86164
1489	0		1742.96736
1490	0		1508.84627
1491	0		1678.92933
1492	0		1142.66989
1493	0		911.54397
1494	0		4328.08799
1495	0		1664.94603
1496	0		1171.59468
1497	0		978.50216
1498	0		1020.53922
1499	0		1141.623
1500	0		1130.49604
1501	0		1108.55123
1502	0		2486.2474
1503	0		1520.80988
1504	0		1104.55632
1505	0		2121.18328
1506	0		1245.67504
1507	0		1196.59376
1508	0		1028.58656
1509	0		1191.58834
1510	0		1212.68257
1511	0		3047.56362
1512	0		2017.94543
1513	0		1113.60293
1514	0		1104.5927
1515	0		1912.00533
1516	0		1232.71281
1517	0		1562.79799
1518	0		1235.70979
1519	0		2392.24258
1520	0		1324.76015
1521	0		3069.65376
1522	0		2358.18143
1523	0		2797.53768
1524	0		2092.15271
1525	0		2918.42398
1526	0		3613.96793
1527	0		1432.75612
1528	0		1205.62914
1529	0		1216.6485
1530	0		1885.9533
1531	0		2900.48782
1532	0		1339.60841
1533	2	Plus1Oxy:3,Plus1Oxy:7	1022.46365
1534	0		996.5855
1535	0		1893.0359
1536	1	Plus1Oxy:6	1079.51028
1537	0		1724.95593
1538	0		2580.2931
1539	0		962.48949
1540	0		1694.93884
1541	0		1527.79323
1542	1	Plus1Oxy:4	3629.96283
1543	0		1525.72681
1544	0		3420.73075
1545	0		1666.8314
1546	0		1351.67063
1547	0		1361.73764
1548	0		1209.63529
1549	0		1297.66256
1550	0		2445.26847
1551	0		1985.24741
1552	0		1099.60254
1553	0		1326.70303
1554	0		1376.64275
1555	0		2146.19966
1556	0		1226.6506
1557	0		2312.1436
1558	0		1694.76478
1559	0		1083.63998
1560	0		982.59231
1561	0		1339.78228
1562	0		1106.68112
1563	0		1589.84124
1564	0		1019.57633
1565	0		1308.77647
1566	0		1039.56616
1567	0		1569.78604
1568	0		1137.63932
1569	0		1806.89737
1570	0		1339.66189
1571	0		1064.57263
1572	0		1441.78498
1573	1	Plus1Oxy:21	2368.33983
1574	0		967.43587
1575	0		3181.57908
1576	0		1246.63054
1577	0		1884.01042
1578	0		1224.78049
1579	0		939.40458
1580	1	Plus1Oxy:18	2561.22393
1581	0		900.50283
1582	0		1142.56074
1583	0		2533.35794
1584	0		1798.90688
1585	0		1504.77072
1586	0		1909.96855
1587	0		1862.99885
1588	0		2756.47475
1589	0		1039.52977
1590	0		976.54536
1591	0		1315.69175
1592	0		1934.99482
1593	0		2083.13125
1594	0		3024.59776
1595	0		1535.73276
1596	0		1075.57739
1597	0		2283.19385
1598	0		2615.35536
1599	0		917.51815
1600	0		1077.57394
1601	0		2848.40325
1602	0		953.44538
1603	0		1056.56755
1604	0		1327.74992
1605	0		2338.30076
1606	0		897.55078
1607	0		1946.98896
1608	0		1777.89195
1609	0		2265.21162
1610	0		891.48137
1611	0		1004.60181
1612	0		1697.90596
1613	0		1452.79357
1614	0		1397.80301
1615	0		2665.44378
1616	0		1347.71862
1617	0		1214.57534
1618	0		1353.77277
1619	0		1606.92933
1620	0		1101.60293
1621	0		2734.43288
1622	0		3444.6982
1623	0		1299.72852
1624	0		2146.09051
1625	0		1983.95706
1626	0		990.59356
1627	0		2342.17616
1628	0		1789.89579
1629	0		1024.63926
1630	0		956.5542
1631	0		1497.73505
1632	0		1279.652
1633	0		1211.61858
1634	0		1037.56174
1635	0		1267.74992
1636	0		1368.72233
1637	0		1133.64843
1638	0		928.50177
1639	0		1422.7904
1640	0		1323.72199
1641	0		1259.70845
1642	0		2910.60648
1643	0		982.58108
1644	0		984.50283
1645	0		1038.64368
1646	0		1113.56002
1647	0		1083.59639
1648	0		1122.67603
1649	0		1279.66726
1650	0		2029.02143
1651	0		1621.83107
1652	0		1495.83576
1653	0		1295.6833
1654	0		2682.32095
1655	0		1647.8831
1656	0		3578.86189
1657	0		1357.66593
1658	0		992.5542
1659	0		2967.4774
1660	0		1277.66487
1661	0		1240.67749
1662	0		1101.56742
1663	0		1792.93586
1664	0		2240.18335
1665	0		2219.00915
1666	0		2573.30841
1667	0		1014.57091
1668	2	Plus1Oxy:6,Plus1Oxy:9	1007.40514
1669	0		2487.36572
1670	0		2065.13931
1671	0		842.46097
1672	0		1365.73639
1673	0		2510.23617
1674	0		1454.71149
1675	0		1084.58762
1676	0		1519.86092
1677	0		884.41402
1678	0		1231.60841
1679	0		1563.75282
1680	0		985.58074
1681	0		1992.02031
1682	0		1344.67854
1683	0		2649.21299
1684	0		1554.85041
1685	0		1864.94576
1686	0		2951.37833
1687	0		930.55381
1688	0		1747.76571
1689	0		932.51129
1690	0		1387.67312
1691	0		3199.72798
1692	0		1226.69822
1693	0		2176.07208
1694	0		1432.73097
1695	0		1676.95727
1696	1	Plus1Oxy:20	2868.52466
1697	0		948.52799
1698	0		2649.46749
1699	0		1294.65906
1700	0		1338.67788
1701	0		2027.03227
1702	0		972.53922
1703	0		1005.52429
1704	0		2000.01417
1705	2	Plus1Oxy:1,Plus1Oxy:6	1035.44767
1706	0		1116.51993
1707	0		1157.59276
1708	0		2758.44278
1709	0		907.50144
1710	0		1086.51677
1711	0		1119.55598
1712	0		1045.55157
1713	0		948.52799
1714	0		1578.84388
1715	1	Plus1Oxy:17	2288.14695
1716	0		1853.96347
1717	0		2832.38297
1718	0		1315.71691
1719	0		1064.60181
1720	0		1731.03339
1721	0		1307.78122
1722	0		1761.84539
1723	0		3397.76891
1724	0		2241.20039
1725	0		1184.67643
1726	0		2301.12696
1727	0		1053.61819
1728	0		2054.08292
1729	0		2244.10253
1730	0		1164.58147
1731	0		1231.65939
1732	0		2940.58602
1733	0		4084.04361
1734	0		1269.70806
1735	0		1780.95449
1736	0		2250.23577
1737	0		3511.86731
1738	0		2367.25454
1739	1	Plus1Oxy:5	1459.70884
1740	0		1705.78367
1741	0		1292.70878
1742	0		1706.94268
1743	0		1292.61086
1744	1	Plus1Oxy:12	1391.62378
1745	0		2045.01721
1746	0		1467.80446
1747	0		2487.34441
1748	0		1463.8347
1749	0		1723.89645
1750	0		824.43918
1751	0		2007.02718
1752	0		957.50654
1753	0		1477.72344
1754	0		2260.1197
1755	0		1089.52364
1756	0		1918.97813
1757	0		2523.2532
1758	0		1243.652
1759	0		2245.25684
1760	0		2379.17793
1761	0		881.42828
1762	0		1576.78848
1763	0		1302.62439
1764	0		1077.5818
1765	0		1719.98823
1766	0		1291.652
1767	0		911.58035
1768	0		850.41844
1769	0		1550.83437
1770	0		1057.56549
1771	0		1569.87657
1772	0		2568.17358
1773	0		1014.57091
1774	0		1855.92748
1775	0		2375.28094
1776	0		1197.67167
1777	0		2043.96829
1778	0		1338.72549
1779	0		1281.72919
1780	0		972.53519
1781	0		1329.69617
1782	0		938.46434
1783	0		2751.48393
1784	0		1305.65642
1785	0		2193.20778
1786	0		1816.85504
1787	0		937.596
1788	0		1447.63271
1789	0		2523.32194
1790	0		1032.56034
1791	0		902.52251
1792	0		913.49808
1793	0		2109.15813
1794	0		1723.98314
1795	0		1534.76016
1796	0		1243.66592
1797	1	Plus1Oxy:11	1319.67542
1798	0		2099.0435
1799	0		1125.71208
1800	0		1553.82011
1801	0		1856.97437
1802	0		1072.58762
1803	0		1141.64546
1804	0		1225.58392
1805	0		893.52217
1806	0		936.52799
1807	0		2762.4424
1808	0		866.40683
1809	0		2143.09824
1810	0		1424.80605
1811	0		871.46639
1812	0		1797.87841
1813	0		1324.71387
1814	0		2850.4908
1815	0		1900.06687
1816	0		1279.66592
1817	0		1072.54
1818	0		1144.57638
1819	0		1090.56919
1820	0		1870.006
1821	0		1002.53855
1822	0		3729.92118
1823	0		1464.69565
1824	0		931.51267
1825	0		1379.65431
1826	0		2484.31442
1827	0		1953.05703
1828	0		2633.26953
1829	0		1936.93501
1830	0		2313.19252
1831	0		1415.76596
1832	0		1157.66553
1833	0		2258.17932
1834	0		2758.37741
1835	0		1270.67815
1836	0		1314.70034
1837	0		950.5661
1838	1	Plus1Oxy:9	1136.51312
1839	0		3302.71853
1840	0		1138.57303
1841	0		3162.60582
1842	0		1179.73388
1843	0		2481.2651
1844	0		3237.54732
1845	1	Plus1Oxy:7	1132.5182
1846	0		1256.65464
1847	0		1098.63965
1848	0		3702.88666
1849	0		1020.53519
1850	0		960.53922
1851	0		1014.54575
1852	0		2060.2105
1853	0		875.48646
1854	0		993.56068
1855	0		1119.6036
1856	0		1275.7146
1857	0		1388.74114
1858	0		2735.46386
1859	0		955.5338
1860	0		1241.6615
1861	0		1430.78809
1862	0		910.49121
1863	0		2127.13634
1864	0		1224.70772
1865	0		1080.67287
1866	0		1675.87935
1867	0		1291.69578
1868	0		991.57018
1869	0		2283.23744
1870	0		1098.58214
1871	2	Plus1Oxy:1,Plus1Oxy:6	1095.50518
1872	0		3124.49378
1873	0		2087.12616
1874	0		1299.66448
1875	0		2572.24127
1876	0		992.5542
1877	0		1410.7904
1878	0		2621.3448
1879	1	Plus1Oxy:1	803.35953
1880	0		2509.32829
1881	0		1203.65325
1882	0		1556.81575
1883	0		2847.35615
1884	0		1484.79463
1885	0		1188.65021
1886	0		979.5338
1887	0		1672.83544
1888	0		3138.62042
1889	0		834.45991
1890	0		1001.5579
1891	0		1740.96208
1892	0		1138.59818
1893	0		3786.98439
1894	0		886.48718
1895	0		2337.11369
1896	0		1401.71393
1897	0		898.49841
1898	0		1402.69794
1899	0		1133.61139
1900	0		2420.20785
1901	0		1058.56074
1902	0		2112.01965
1903	0		1286.67173
1904	0		1480.86125
1905	0		1277.72304
1906	0		2303.23064
1907	0		2037.02065
1908	0		1542.85175
1909	0		1645.84633
1910	0		3094.48168
1911	0		1203.72265
1912	0		1218.6648
1913	0		881.53341
1914	0		1167.64988
1915	0		875.41706
1916	0		905.49702
1917	0		1245.74444
1918	0		3576.7847
1919	0		3467.70698
1920	0		808.43303
1921	1	Plus1Oxy:14	1604.74634
1922	0		2309.29937
1923	0		1123.5509
1924	0		2299.13059
1925	0		939.44836
1926	0		1055.52871
1927	0		2030.97304
1928	0		1256.59243
1929	0		3015.54144
1930	1	Plus1Oxy:15	2919.54142
1931	0		2370.03992
1932	0		1428.72482
1933	0		2349.18646
1934	1	Plus1Oxy:6	1373.66083
1935	0		1015.55626
1936	0		891.48137
1937	0		1174.61278
1938	0		1383.79726
1939	0		1580.7834
1940	0		1531.86092
1941	0		2237.26298
1942	1	Plus1Oxy:5	882.40173
1943	0		939.57527
1944	0		975.50587
1945	2	Plus1Oxy:5,Plus1Oxy:8	967.42146
1946	0		959.52871
1947	0		1022.50322
1948	0		3495.69384
1949	0		863.53407
1950	0		1950.94749
1951	0		1090.56582
1952	1	Plus1Oxy:9	1050.51272
1953	0		3007.45956
1954	0		1355.6833
1955	0		1256.76043
1956	0		1012.59904
1957	0		924.54324
1958	0		902.48949
1959	0		1236.64619
1960	0		2052.18295
1961	0		3279.6558
1962	0		1238.68699
1963	0		1170.63562
1964	0		2860.51556
1965	0		2116.02243
1966	0		890.48612
1967	0		1771.88859
1968	0		1265.59996
1969	0		963.5025
1970	0		1040.55017
1971	0		1393.818
1972	0		1008.63311
1973	0		1107.53036
1974	0		1135.56616
1975	0		1067.59745
1976	0		4074.05839
1977	0		1123.60254
1978	0		1227.70739
1979	0		2823.44015
1980	2	Plus1Oxy:1,Plus1Oxy:7	1039.43135
1981	0		1749.89367
1982	0		1285.68771
1983	0		900.48171
1984	0		1002.52329
1985	0		2291.29601
1986	0		861.47081
1987	0		1043.5651
1988	0		1791.02534
1989	0		2045.09045
1990	0		2287.16948
1991	0		1758.94028
1992	0		1500.79357
1993	0		1453.81397
1994	0		1863.96895
1995	0		998.51848
1996	0		2064.99628
1997	0		1226.68699
1998	0		1186.58695
1999	0		2642.3485
2000	0		1248.75534
2001	0		959.49233
2002	0		1428.7208
2003	0		2385.36302
2004	0		989.52938
2005	0		1404.77984
2006	0		2556.23559
2007	0		998.57599
2008	1	Plus1Oxy:7	1162.55525
2009	0		917.48176
2010	0		1403.70779
2011	0		1173.6757
2012	0		1361.64624
2013	0		1269.69683
2014	0		1191.58114
2015	0		1434.75065
2016	0		985.58074
2017	0		1133.60802
2018	1	Plus1Oxy:5	3135.6169
2019	0		1010.55084
2020	0		1889.00797
2021	0		1141.67061
2022	2	Plus1Oxy:1,Plus1Oxy:2	1185.47936
2023	0		1833.99879
2024	0		924.4916
2025	0		1663.85286
2026	0		3031.56468
2027	0		2062.0231
2028	0		1568.91368
2029	0		895.5239
2030	0		1114.52944
2031	0		1057.54033
2032	0		1280.84309
2033	0		1045.58074
2034	0		1378.68805
2035	0		858.43813
2036	0		1341.70806
2037	0		1154.66586
2038	0		2264.21234
2039	0		1209.71929
2040	0		872.49669
2041	0		1031.55454
2042	0		2049.08286
2043	0		921.44769
2044	0		2195.12214
2045	0		1065.52766
2046	0		1197.65055
2047	0		1059.5025
2048	0		1483.77423
2049	0		2129.22476
2050	0		2659.35055
2051	0		1023.68039
2052	0		1089.5818
2053	0		2528.3718
2054	0		1017.53419
2055	0		990.54978
2056	0		2040.95402
2057	0		808.39012
2058	0		2271.15681
2059	0		1816.00936
2060	0		927.51373
2061	0		984.59673
2062	0		1841.92708
2063	0		2148.14254
2064	0		2076.12678
2065	0		1917.88898
2066	0		3385.75499
2067	0		976.49775
2068	0		1876.94307
2069	0		1072.58762
2070	0		1261.67782
2071	0		865.42934
2072	2	Plus1Oxy:3,Plus1Oxy:6	1239.52228
2073	0		1200.67134
2074	0		1078.56582
2075	0		1482.84052
2076	0		1233.60967
2077	1	Plus1Oxy:1	1106.56409
2078	0		2170.10174
2079	0		3018.42926
2080	0		956.50389
2081	0		1160.56075
2082	0		1873.93957
2083	0		973.53447
2084	0		1238.71685
2085	0		908.60584
2086	0		1868.05189
2087	0		2461.24429
2088	0		884.5443
2089	0		1603.93369
2090	0		1016.51379
2091	0		1582.75143
2092	0		1712.9348
2093	1	Plus1Oxy:4	1247.59276
2094	0		3119.622
2095	0		1715.86238
2096	0		993.56807
2097	0		2310.20659
2098	0		1439.69319
2099	0		877.46572
2100	0		1053.54542
2101	0		901.53447
2102	0		1073.57566
2103	2	Plus1Oxy:4,Plus1Oxy:5	839.36289
2104	0		1614.86164
2105	2	Plus1Oxy:8,Plus1Oxy:11	1638.82928
2106	0		895.54905
2107	0		3157.68306
2108	1	Plus1Oxy:5	863.41704
2109	0		804.41633
2110	0		4050.88314
2111	0		2999.43892
2112	0		969.58583
2113	1	Plus1Oxy:6	918.45924
2114	0		905.48579
2115	0		988.55928
2116	1	Plus1Oxy:2	1088.55353
2117	0		1782.95872
2118	0		1563.89836
2119	0		1584.74913
2120	0		849.45958
2121	0		1440.77244
2122	0		688.38675
2123	1	Plus1Oxy:5	964.43956
2124	0		1699.88139
2125	0		1257.58767
2126	1	Plus1Oxy:1	2395.17283
2127	0		3010.42349
2128	0		1381.85438
2129	0		1411.74187
2130	1	Plus1Oxy:8	1274.59242
2131	1	Plus1Oxy:14	1688.83034
2132	0		2550.33034
2133	0		1212.56958
2134	0		2972.44107
2135	0		2695.49073
2136	0		1530.84052
2137	0		1208.65127
2138	0		1068.60393
2139	0		1637.86237
2140	0		854.45377
2141	0		950.51848
2142	0		887.55136
2143	0		834.50753
2144	0		1965.03927
2145	0		1601.80823
2146	0		1117.6131
2147	0		2039.06865
2148	0		1199.68732
2149	0		2223.07704
2150	0		2274.06595
2151	0		833.43951
2152	0		3681.74952
2153	0		1261.6448
2154	0		2902.56251
2155	0		1129.59785
2156	0		856.47662
2157	0		1516.73771
2158	0		1219.62704
2159	0		2389.27864
2160	0		872.50792
2161	0		2714.52909
2162	0		1120.61277
2163	0		1215.58431
2164	0		3067.55076
2165	0		906.48104
2166	1	Plus1Oxy:31	3857.95478
2167	0		912.51023
2168	0		1310.67173
2169	0		1551.82559
2170	0		885.52832
2171	0		2880.39776
2172	0		3101.52791
2173	0		1669.80592
2174	0		1354.76082
2175	0		826.50244
2176	0		1484.85616
2177	0		1966.09856
2178	0		915.53888
2179	0		839.48646
2180	0		1253.64758
2181	0		1424.80268
2182	0		2270.23096
2183	0		1240.71387
2184	0		2850.33939
2185	1	Plus1Oxy:4	1488.64149
2186	0		794.41738
2187	0		1326.75065
2188	0		1790.93011
2189	0		838.44109
2190	0		1100.59376
2191	0		1551.82962
2192	1	Plus1Oxy:6	1134.54125
2193	0		3824.95579
2194	0		2342.21167
2195	0		2359.18071
2196	0		1121.57163
2197	0		3009.58502
2198	0		1488.76841
2199	0		1461.75031
2200	0		1187.61455
2201	0		876.50686
2202	0		1102.61344
2203	0		2406.22858
2204	0		2205.11388
2205	0		3441.57902
2206	0		1276.65233
2207	0		1168.58762
2208	0		847.48031
2209	0		987.56001
2210	0		1159.6349
2211	0		2343.17456
2212	0		805.46975
2213	0		2217.05572
2214	0		1117.63826
2215	0		1899.95119
2216	0		816.45924
2217	0		1784.94201
2218	0		1038.58616
2219	0		1170.63562
2220	0		1123.58728
2221	0		795.35512
2222	0		1924.84805
2223	0		1101.54542
2224	0		927.51373
2225	0		1766.85734
2226	1	Plus1Oxy:1	806.37043
2227	0		2154.25976
2228	0		2247.1858
2229	0		866.49735
2230	0		847.52793
2231	0		1253.69789
2232	0		1111.56952
2233	0		2394.25823
2234	0		1456.82487
2235	0		972.52396
2236	0		1502.81911
2237	0		970.54469
2238	1	Plus1Oxy:2	964.45349
2239	0		1083.62875
2240	0		856.513
2241	0		1323.64585
2242	0		1040.59779
2243	0		1248.67134
2244	0		830.47489
2245	0		786.45991
2246	0		1100.58253
2247	0		929.52938
2248	0		1031.58756
2249	1	Plus1Oxy:9	1090.53279
2250	0		1016.58656
2251	0		1276.66625
2252	1	Plus1Oxy:1	2390.15686
2253	0		884.5443
2254	0		966.52463
2255	0		1061.55051
2256	0		1133.65563
2257	0		871.51267
2258	0		1147.61244
2259	0		821.43951
2260	0		886.52357
2261	0		1776.91177
2262	0		996.59673
2263	0		877.46572
2264	0		1200.64619
2265	0		903.44836
2266	0		784.43303
2267	0		1928.99549
2268	0		1312.70264
2269	0		1225.72813
2270	0		1668.82056
2271	0		1193.68799
2272	0		1059.57461
2273	0		1270.7132
2274	0		911.51882
2275	0		827.45007
2276	0		1134.5954
2277	0		821.47589
2278	1	Plus1Oxy:4	1388.67173
2279	0		1203.53486
2280	0		814.49121
2281	0		813.45305
2282	0		1056.61785
2283	0		1346.71282
2284	0		2421.24734
2285	0		1169.57884
2286	0		907.54905
2287	2	Plus1Oxy:1,Plus1Oxy:4	967.44661
2288	0		1319.82884
2289	0		2764.33788
2290	0		1111.48215
2291	0		1304.61086
2292	0		2088.13264
2293	0		1862.0373
2294	0		977.51815
2295	0		1934.16037
2296	0		1239.6207
2297	0		1326.73941
2298	0		924.53922
2299	0		1137.5818
2300	0		1889.97673
2301	0		857.47187
2302	0		1335.68224
2303	0		2090.20263
2304	1	Plus1Oxy:7	1023.43645
2305	0		1534.81028
2306	0		981.52832
2307	0		1793.00461
2308	0		875.45344
2309	0		1004.52502
2310	0		1724.87663
2311	0		925.57085
2312	0		1443.81972
2313	0		1084.624
2314	0		1451.89624
2315	0		1633.90134
2316	0		1286.64005
2317	0		809.50105
2318	0		903.51776
2319	0		1880.09817
2320	0		3768.02287
2321	0		921.4807
2322	0		2550.24232
2323	0		970.58108
2324	0		918.56504
2325	0		2552.3532
2326	0		1450.80307
2327	0		1013.61204
2328	0		1363.67715
2329	0		1658.80519
2330	1	Plus1Oxy:11	1367.63501
2331	0		3416.78748
2332	0		1382.74181
2333	0		788.46433
2334	0		1212.57744
2335	0		711.42789
2336	0		933.49193
2337	0		3179.629
2338	0		1765.93957
2339	1	Plus1Oxy:6	900.49629
2340	0		955.54503
2341	0		2166.19485
2342	0		835.5167
2343	0		1225.66659
2344	0		1590.94564
2345	0		1725.87188
2346	0		1325.73024
2347	1	Plus1Oxy:2	1216.6121
2348	0		783.4854
2349	0		1757.9821
2350	0		1968.02118
2351	0		968.43515
2352	0		1477.81397
2353	0		1614.81134
2354	0		1751.94657
2355	0		772.46941
2356	0		1235.68732
2357	0		1078.59184
2358	0		1398.75402
2359	0		1134.5808
2360	0		991.5338
2361	0		1622.86673
2362	0		817.47312
2363	0		1210.69208
2364	0		964.54536
2365	0		862.41441
2366	0		1200.67134
2367	0		2121.02988
2368	0		830.45377
2369	0		838.50244
2370	0		777.43845
2371	0		858.41229
2372	0		1529.8466
2373	0		818.42861
2374	0		1740.99846
2375	0		883.56029
2376	0		1082.60835
2377	0		925.53063
2378	0		2166.11422
2379	0		2601.25974
2380	0		2156.10088
2381	0		861.43442
2382	0		1552.79971
2383	0		1019.51095
2384	0		1339.7023
2385	0		1089.59304
2386	0		877.41408
2387	0		931.51267
2388	0		895.58544
2389	0		1551.84805
2390	0		1166.58186
2391	0		1169.55051
2392	0		959.46717
2393	0		905.46064
2394	0		2036.01351
2395	0		1194.63562
2396	0		800.46433
2397	0		1833.93726
2398	0		3428.81897
2399	0		813.49596
2400	0		1007.49233
2401	0		1072.55526
2402	1	Plus1Oxy:16	2260.15204
2403	0		926.55487
2404	0		940.49775
2405	0		867.43778
2406	0		1036.54403
2407	0		967.54503
2408	0		995.59025
2409	0		2028.94616
2410	0		1567.71222
2411	0		1687.83511
2412	0		1930.97878
2413	0		1390.72443
2414	0		1083.6036
2415	2	Plus1Oxy:6,Plus1Oxy:11	2005.86679
2416	0		729.43845
2417	0		1416.70304
2418	0		798.4963
2419	0		783.44901
2420	0		814.45482
2421	0		1820.90562
2422	2	Plus1Oxy:1,Plus1Oxy:2	1064.43783
2423	1	Plus1Oxy:2	2546.25796
2424	0		1745.92524
2425	0		1066.51168
2426	0		920.42076
2427	0		1602.92049
2428	0		961.49022
2429	0		979.57421
2430	0		770.465
2431	0		847.46639
2432	0		813.47081
2433	0		3574.76206
2434	0		1199.6734
2435	0		3308.67495
2436	0		868.5058
2437	0		914.52971
2438	0		1569.87254
2439	0		1739.98208
2440	1	Plus1Oxy:2	3132.62129
2441	0		2778.51142
2442	0		2480.22944
2443	0		2255.16995
2444	0		833.50105
2445	0		1137.65055
2446	0		975.41534
2447	0		3628.74613
2448	0		2234.23096
2449	0		1036.48249
2450	0		2080.06958
2451	0		752.37043
2452	2	Plus1Oxy:7,Plus1Oxy:8	891.3578
2453	0		797.41436
2454	0		2059.06971
2455	0		1794.86099
2456	0		1405.70884
2457	0		2742.33555
2458	0		852.43812
2459	0		2547.26041
2460	0		2317.13713
2461	0		1105.55559
2462	0		1268.61086
2463	0		1253.69789
2464	0		1013.51412
2465	2	Plus1Oxy:3,Plus1Oxy:6	952.41056
2466	2	Plus1Oxy:3,Plus1Oxy:6	876.33567
2467	0		1064.54028
2468	1	Plus1Oxy:1	1002.51675
2469	0		819.49663
2470	0		702.4098
2471	2	Plus1Oxy:2,Plus1Oxy:13	2811.35046
2472	0		1032.52396
2473	0		2031.04244
2474	0		1276.6557
2475	0		762.46394
2476	0		1005.60829
2477	0		1300.69861
2478	0		700.44829
2479	0		1990.06688
2480	0		1972.0087
2481	0		4274.40853
2482	0		1327.75982
2483	0		714.4098
2484	0		2503.24945
2485	1	Plus1Oxy:6	1103.50289
2486	0		845.53743
2487	0		1122.50216
2488	0		1067.54984
2489	0		1351.63761
2490	0		800.43918
2491	0		841.50211
2492	0		1005.51643
2493	0		1216.60874
2494	1	Plus1Oxy:11	1829.99198
2495	1	Plus1Oxy:23	2836.37403
2496	0		1420.84012
2497	0		1323.70336
2498	0		958.50831
2499	0		1359.60544
2500	0		1227.66111
2501	0		2059.05062
2502	0		1069.48282
2503	0		1461.84239
2504	0		1168.59635
2505	0		1075.58728
2506	0		1841.99199
2507	1	Plus1Oxy:1	747.39486
2508	0		3568.8762
2509	0		1880.91685
2510	0		1007.55117
2511	0		853.53849
2512	0		1232.64341
2513	1	Plus1Oxy:11	4057.00469
2514	0		1598.82045
2515	0		3169.44921
2516	0		905.45277
2517	1	Plus1Oxy:6	1078.55928
2518	0		755.39996
2519	0		920.53307
2520	0		938.44974
2521	0		849.50719
2522	0		1083.52363
2523	0		1307.60332
2524	0		2275.16948
2525	0		2822.35571
2526	1	Plus1Oxy:2	802.40067
2527	3	Plus1Oxy:9,Plus1Oxy:11,Plus1Oxy:21	2721.26578
2528	0		844.42248
2529	0		799.5167
2530	0		1107.54609
2531	0		687.33399
2532	0		1657.86093
2533	0		855.51776
2534	0		1170.70839
2535	1	Plus1Oxy:20	3031.53634
2536	0		939.44836
2537	0		3224.65633
2538	2	Plus1Oxy:3,Plus1Oxy:6	1435.60054
2539	1	Plus1Oxy:9	1373.66083
2540	0		1195.71756
2541	0		2986.56098
2542	0		1385.62512
2543	0		1181.67676
2544	0		1014.54575
2545	0		683.42174
2546	0		769.51736
2547	0		2247.26596
2548	0		794.44724
2549	0		809.38537
2550	0		1156.65049
2551	1	Plus1Oxy:7	2891.39694
2552	0		3249.74047
2553	0		2073.95052
2554	0		1166.56074
2555	0		1631.95106
2556	0		2275.2575
2557	0		924.55045
2558	0		814.45482
2559	0		3010.39385
2560	0		1968.15663
2561	0		917.46401
2562	0		809.40312
2563	0		899.51882
2564	0		1468.77725
2565	0		986.56476
2566	0		1809.01478
2567	0		854.49735
2568	0		728.4432
2569	1	Plus1Oxy:1	1010.44907
2570	0		1842.00725
2571	0		1629.811
2572	0		1136.62362
2573	0		1452.82995
2574	0		1484.69486
2575	0		1076.51063
2576	0		1154.62948
2577	0		1632.88344
2578	1	Plus1Oxy:4	823.36799
2579	0		2254.07862
2580	1	Plus1Oxy:4	1004.58002
2581	0		955.5338
2582	0		2403.25587
2583	0		902.41335
2584	0		2060.00745
2585	0		1500.74193
2586	0		1127.46652
2587	1	Plus1Oxy:2	2489.3059
2588	0		855.51123
2589	0		3405.79309
2590	0		1200.66144
2591	0		1991.16389
2592	0		1204.66759
2593	0		1245.73455
2594	0		876.44869
2595	0		983.60148
2596	0		1871.03763
2597	0		1558.82017
2598	0		1185.68693
2599	0		687.41666
2600	0		719.39659
2601	0		778.42247
2602	0		913.49088
2603	0		1208.71281
2604	0		721.38325
2605	0		2760.38297
2606	0		741.40207
2607	0		1361.73024
2608	0		2048.08761
2609	0		1170.62439
2610	1	Plus1Oxy:7	707.31594
2611	0		898.37419
2612	0		1104.62909
2613	0		832.40385
2614	0		915.5025
2615	1	Plus1Oxy:31	3807.97888
2616	0		929.48176
2617	0		870.48104
2618	1	Plus1Oxy:14	2595.21212
2619	0		1033.55559
2620	0		1497.82376
2621	0		2409.21749
2622	0		804.41633
2623	1	Plus1Oxy:4	3412.5967
2624	0		2345.29937
2625	1	Plus1Oxy:8	1656.74125
2626	0		1002.5134
2627	0		2151.15746
2628	0		802.45482
2629	0		861.41917
2630	0		2159.12214
2631	0		976.48249
2632	0		1001.47774
2633	0		898.51234
2634	0		895.4473
2635	1	Plus1Oxy:7	1344.7587
2636	0		1708.9035
2637	0		2295.22218
2638	0		857.48579
2639	0		2444.34667
2640	2	Plus1Oxy:4,Plus1Oxy:6	2249.12165
2641	0		1662.84772
2642	0		2980.4163
2643	0		1674.82863
2644	0		714.4098
2645	0		2151.05954
2646	0		2273.22997
2647	0		1196.64004
2648	0		1576.96638
2649	0		1723.91125
2650	0		1218.59203
2651	0		1048.51887
2652	0		1630.84532
2653	0		656.42208
2654	0		1731.9671
2655	0		1620.79628
2656	0		1035.54225
2657	0		1042.57705
2658	0		1242.80229
2659	1	Plus1Oxy:15	3519.69383
2660	1	Plus1Oxy:3	1106.51061
2661	0		1965.10802
2662	1	Plus1Oxy:11	1966.89411
2663	0		1153.58074
2664	0		1322.65781
2665	0		830.52653
2666	1	Plus1Oxy:4	1091.49166
2667	0		954.41566
2668	0		1723.81985
2669	0		1591.82205
2670	1	Plus1Oxy:5	805.40033
2671	0		2248.14466
2672	0		1728.90456
2673	1	Plus1Oxy:1	1029.5528
2674	0		1055.5723
2675	0		1509.8878
2676	0		816.47047
2677	0		746.45377
2678	2	Plus1Oxy:1,Plus1Oxy:23	3321.55384
2679	0		1250.79614
2680	0		1978.91725
2681	0		832.50177
2682	0		3310.54909
2683	0		3937.9379
2684	0		744.41296
2685	0		826.52759
2686	0		1462.83946
2687	0		1497.71711
2688	0		1001.5579
2689	0		1823.00144
2690	1	Plus1Oxy:17	3345.7423
2691	0		1115.59343
2692	1	Plus1Oxy:2	1090.53413
2693	0		3954.12127
2694	0		1000.56649
2695	0		1018.48653
2696	0		857.49836
2697	0		1755.91143
2698	0		1000.63205
2699	1	Plus1Oxy:5	2194.00736
2700	2	Plus1Oxy:19,Plus1Oxy:22	3302.87165
2701	0		1060.57638
2702	1	Plus1Oxy:6	973.50144
2703	0		809.42559
2704	0		740.4432
2705	0		1341.77277
2706	0		973.44644
2707	2	Plus1Oxy:2,Plus1Oxy:3	1697.88434
2708	0		1024.56649
2709	0		841.39698
2710	0		705.40609
2711	0		818.50138
2712	1	Plus1Oxy:13	2471.40449
2713	1	Plus1Oxy:3	1433.74483
2714	0		827.51161
2715	0		1179.72265
2716	0		1393.68369
2717	0		1194.63562
2718	1	Plus1Oxy:9	2134.99924
2719	0		1072.59885
2720	0		2909.41691
2721	0		1121.56576
2722	1	Plus1Oxy:32	4913.3175
2723	0		1812.9661
2724	0		1123.60657
2725	0		1011.63009
2726	0		933.49193
2727	0		828.42419
2728	0		4478.09702
2729	0		1624.84599
2730	1	Plus1Oxy:2	1604.72521
2731	0		2486.35721
2732	0		1866.96209
2733	0		1002.56822
2734	1	Plus1Oxy:1	1047.56336
2735	0		3288.56474
2736	0		795.43509
2737	1	Plus1Oxy:17	3585.04718
2738	0		1045.55896
2739	0		1746.86348
2740	0		1270.67815
2741	0		948.45992
2742	0		915.53888
2743	2	Plus1Oxy:13,Plus1Oxy:20	2509.21508
2744	0		3426.85496
2745	0		1216.61997
2746	1	Plus1Oxy:1	732.42034
2747	0		972.53519
2748	0		696.42822
2749	0		1604.8746
2750	0		1300.72377
2751	0		830.47489
2752	0		842.53374
2753	0		2187.20105
2754	1	Plus1Oxy:6	578.27336
2755	0		1381.79687
2756	0		864.45924
2757	0		813.47081
2758	1	Plus1Oxy:13	2133.20929
2759	0		771.4755
2760	0		1648.92328
2761	1	Plus1Oxy:14	2403.08402
2762	0		1737.91747
2763	0		808.41911
2764	0		1761.95251
2765	2	Plus1Oxy:2,Plus1Oxy:7	1096.46405
2766	0		1166.59846
2767	0		689.41118
2768	0		1340.82514
2769	0		943.49089
2770	0		1642.73098
2771	1	Plus1Oxy:10	2357.14663
2772	0		756.48573
2773	0		1245.62406
2774	0		1691.85248
2775	0		1045.6131
2776	0		3548.07506
2777	0		858.49227
2778	1	Plus1Oxy:1	886.39664
2779	0		2749.36902
2780	0		835.4228
2781	1	Plus1Oxy:1	1875.89953
2782	0		2273.22391
2783	1	Plus1Oxy:10	2764.40321
2784	0		1931.0435
2785	0		1200.6172
2786	0		1872.94413
2787	0		1397.68983
2788	0		1755.99946
2789	1	Plus1Oxy:28	3615.88766
2790	0		1794.96995
2791	1	Plus1Oxy:5	1005.46227
2792	0		1297.72544
2793	0		1634.88133
2794	0		898.49841
2795	0		800.47556
2796	1	Plus1Oxy:1	2038.05161
2797	0		1176.64032
2798	0		3600.93361
2799	0		1289.72035
2800	0		913.60723
2801	0		1685.90212
2802	0		1153.5437
2803	0		871.47629
2804	1	Plus1Oxy:11	2635.39366
2805	0		2298.21398
2806	0		1807.79739
2807	0		1072.58109
2808	0		1056.61785
2809	0		826.46606
2810	0		2983.25038
2811	0		789.48607
2812	0		589.28196
2813	2	Plus1Oxy:2,Plus1Oxy:9	2583.33989
2814	1	Plus1Oxy:32	3366.86686
2815	0		2420.13555
2816	0		841.50211
2817	0		842.48612
2818	0		789.40543
2819	0		1540.91607
2820	0		1534.77389
2821	0		852.51809
2822	0		2357.19155
2823	1	Plus1Oxy:9	1744.77658
2824	0		3387.91213
2825	0		1988.09548
2826	1	Plus1Oxy:14	2078.00293
2827	0		877.35994
2828	0		2582.43922
2829	0		1343.73494
2830	0		1212.64619
2831	0		1037.56174
2832	0		665.33841
2833	1	Plus1Oxy:1	1224.52329
2834	0		889.49088
2835	2	Plus1Oxy:2,Plus1Oxy:6	1150.53615
2836	0		970.54469
2837	0		2490.24634
2838	0		956.54028
2839	0		836.33339
2840	0		802.45885
2841	0		2173.22312
2842	1	Plus1Oxy:18	2922.37845
2843	0		1704.85042
2844	0		1560.77178
2845	0		1040.65933
2846	2	Plus1Oxy:22,Plus1Oxy:27	3660.84892
2847	0		1196.7393
2848	1	Plus1Oxy:18	2227.14921
2849	0		1041.61819
2850	0		2103.95053
2851	0		899.4712
2852	0		1811.04032
2853	1	Plus1Oxy:4	2185.09084
2854	1	Plus1Oxy:1	1594.97443
2855	1	Plus1Oxy:1	1161.58853
2856	1	Plus1Oxy:28	4059.93915
2857	0		1820.82499
2858	0		992.50389
2859	0		1611.87658
2860	0		811.44795
2861	0		1007.53994
2862	0		886.52357
2863	2	Plus1Oxy:18,Plus1Oxy:19	2486.19342
2864	0		1079.57633
2865	0		930.50687
2866	0		890.47826
2867	0		969.56807
2868	1	Plus1Oxy:1	1988.14914
2869	0		1896.0468
2870	1	Plus1Oxy:8	1496.64611
2871	0		1194.67201
2872	1	Plus1Oxy:14	2618.50526
2873	0		3161.65166
2874	0		775.40167
2875	1	Plus1Oxy:1	1032.52865
2876	0		930.5134
2877	0		674.33088
2878	0		1271.71248
2879	0		1168.65636
2880	0		1861.0672
2881	0		834.39454
2882	0		2381.13204
2883	0		859.47629
2884	0		1364.71599
2885	1	Plus1Oxy:1	1916.7962
2886	0		1097.61925
2887	0		2432.28511
2888	0		1136.61891
2889	0		658.40134
2890	0		804.41633
2891	1	Plus1Oxy:8	1615.95548
2892	0		1454.8456
2893	0		1711.89645
2894	0		987.49847
2895	0		767.51564
2896	0		2883.55333
2897	2	Plus1Oxy:3,Plus1Oxy:7	738.30398
2898	1	Plus1Oxy:1	1336.66961
2899	1	Plus1Oxy:4	817.43672
2900	0		1767.87121
2901	0		3260.45396
2902	0		2462.36308
2903	0		2091.05954
2904	2	Plus1Oxy:17,Plus1Oxy:20	3156.53572
2905	0		3263.84983
2906	0		776.41805
2907	1	Plus1Oxy:19	2352.20409
2908	0		790.3643
2909	0		2370.11269
2910	0		829.49088
2911	0		729.44968
2912	0		1480.74557
2913	0		1135.52911
2914	0		827.48646
2915	0		2685.34558
2916	0		2324.35068
2917	0		1256.67374
2918	0		3016.60793
2919	0		2428.35894
2920	0		2548.30077
2921	0		2057.15669
2922	0		1184.56162
2923	0		1000.55526
2924	0		1812.98454
2925	0		2185.30916
2926	0		932.43852
2927	0		629.41118
2928	0		1979.09648
2929	0		1921.0771
2930	0		1108.54
2931	0		1503.79794
2932	1	Plus1Oxy:1	826.42582
2933	0		1120.58041
2934	0		1238.60835
2935	1	Plus1Oxy:2	1179.50903
2936	0		1142.55758
2937	0		1098.62842
2938	0		1020.55045
2939	0		988.55928
2940	1	Plus1Oxy:12	1505.75473
2941	0		1025.60552
2942	0		1185.62156
2943	0		2199.06291
2944	0		943.50864
2945	0		1483.71671
2946	0		834.43476
2947	0		2800.35139
2948	1	Plus1Oxy:12	2212.10192
2949	0		1900.02646
2950	0		2730.37194
2951	0		3337.76372
2952	0		1192.57119
2953	0		1944.95087
2954	0		1230.61047
2955	1	Plus1Oxy:9	1595.87175
2956	0		4273.05414
2957	0		1105.54773
2958	0		1425.81636
2959	0		1734.81337
2960	1	Plus1Oxy:1	678.30063
2961	0		1719.88378
2962	0		1000.61813
2963	0		736.38675
2964	0		2981.74035
2965	1	Plus1Oxy:2	2013.14036
2966	0		1127.67022
2967	1	Plus1Oxy:4	1062.57157
2968	0		875.45007
2969	0		1762.81615
2970	0		862.44493
2971	0		1245.61351
2972	0		914.51848
2973	1	Plus1Oxy:3	746.39961
2974	0		824.4432
2975	0		1812.87538
2976	0		1206.67334
2977	0		968.63551
2978	0		1256.63601
2979	0		806.47623
2980	2	Plus1Oxy:9,Plus1Oxy:10	1540.77407
2981	2	Plus1Oxy:7,Plus1Oxy:8	1205.46919
2982	0		828.44532
2983	0		1551.78921
2984	0		3570.86553
2985	0		726.42755
2986	0		1917.04714
2987	0		714.43878
2988	0		1291.72477
2989	0		1513.77106
2990	0		2378.29184
2991	0		1608.92116
2992	0		1016.58406
2993	0		1429.818
2994	0		2092.00467
2995	0		2802.39756
2996	0		1300.70264
2997	2	Plus1Oxy:1,Plus1Oxy:7	895.41425
2998	0		1039.50864
2999	0		675.35914
3000	0		2411.26096
3001	0		2033.0725
3002	0		1614.76372
3003	0		844.39665
3004	0		663.35914
3005	0		2538.41282
3006	0		832.48065
3007	0		3279.78339
3008	0		1783.96539
3009	0		2795.46769
3010	0		2458.40926
3011	2	Plus1Oxy:1,Plus1Oxy:6	1352.60316
3012	0		1529.89019
3013	0		907.50144
3014	0		910.43304
3015	0		2050.14348
3016	0		1735.87149
3017	0		925.61847
3018	0		1100.58253
3019	1	Plus1Oxy:1	995.54732
3020	0		1320.65742
3021	0		728.31292
3022	0		882.42353
3023	1	Plus1Oxy:1	1819.92899
3024	0		700.39415
3025	0		1087.55223
3026	1	Plus1Oxy:1	1003.54838
3027	0		2653.55427
3028	0		3099.63131
3029	0		978.50216
3030	0		2054.07955
3031	1	Plus1Oxy:3	964.50581
3032	0		1850.84092
3033	2	Plus1Oxy:1,Plus1Oxy:7	1301.59294
3034	0		1100.58656
3035	0		1048.5229
3036	0		2710.29205
3037	1	Plus1Oxy:9	1764.80347
3038	1	Plus1Oxy:14	1666.80961
3039	0		1147.60188
3040	0		1072.65002
3041	0		2001.04648
3042	0		1201.69308
3043	0		2184.90238
3044	1	Plus1Oxy:10	1785.82762
3045	0		1061.51749
3046	0		1030.52944
3047	0		1071.59237
3048	0		1144.61614
3049	0		1345.72544
3050	1	Plus1Oxy:1	1332.67067
3051	0		3056.62933
3052	0		2701.26588
3053	0		886.52357
3054	1	Plus1Oxy:4	1202.71683
3055	0		1400.84627
3056	0		1344.68844
3057	0		3279.6749
3058	0		1043.61992
3059	0		1145.58623
3060	0		1096.60287
3061	0		3897.00392
3062	0		940.6069
3063	0		945.45152
3064	0		1586.81911
3065	0		887.44605
3066	1	Plus1Oxy:15	3006.59188
3067	0		1887.91143
3068	3	Plus1Oxy:2,Plus1Oxy:16,Plus1Oxy:20	2885.46336
3069	2	Plus1Oxy:11,Plus1Oxy:12	2021.81811
3070	0		1562.80922
3071	0		1286.72808
3072	0		796.48065
3073	1	Plus1Oxy:1	1145.69537
3074	0		3740.79699
3075	1	Plus1Oxy:3	1750.9035
3076	0		1089.5818
3077	0		1475.86456
3078	1	Plus1Oxy:1	3303.49633
3079	0		957.62222
3080	0		1374.72549
3081	1	Plus1Oxy:4	747.44247
3082	0		914.50072
3083	0		652.32203
3084	0		2030.01685
3085	2	Plus1Oxy:4,Plus1Oxy:5	847.32036
3086	0		666.29727
3087	0		910.55995
3088	0		971.53005
3089	0		817.40821
3090	0		915.48858
3091	0		1177.62031
3092	1	Plus1Oxy:5	1827.70004
3093	0		709.32171
3094	0		693.36971
3095	0		1447.80205
3096	0		2400.21465
3097	0		1254.59924
3098	2	Plus1Oxy:9,Plus1Oxy:11	1516.83694
3099	0		1062.58214
3100	0		1033.52258
3101	0		671.34245
3102	0		1022.51848
3103	0		2846.49857
3104	0		857.46064
3105	0		747.37624
3106	0		2103.13231
3107	0		807.44901
3108	0		1020.52396
3109	0		2664.43143
3110	0		2161.21795
3111	0		1241.68396
3112	0		1481.82414
3113	0		1530.6442
3114	0		995.41706
3115	0		3156.62742
3116	0		1645.87869
3117	1	Plus1Oxy:3	983.48981
3118	0		1720.85722
3119	0		995.4858
3120	0		952.49775
3121	1	Plus1Oxy:12	2670.58034
3122	1	Plus1Oxy:1	1476.72818
3123	0		1064.52502
3124	0		1310.64658
3125	0		886.5348
3126	1	Plus1Oxy:12	1590.85108
3127	1	Plus1Oxy:18	2255.05156
3128	1	Plus1Oxy:1	3881.07722
3129	0		1241.77066
3130	0		711.34389
3131	1	Plus1Oxy:16	3045.57513
3132	0		2834.48599
3133	0		984.5756
3134	1	Plus1Oxy:6	2625.38751
3135	0		2851.58914
3136	0		1891.01623
3137	0		2027.10906
3138	0		1224.76657
3139	2	Plus1Oxy:3,Plus1Oxy:7	838.36764
3140	1	Plus1Oxy:4	1130.55756
3141	0		1066.65385
3142	0		1510.7523
3143	0		1531.91976
3144	0		1017.56807
3145	0		1458.76525
3146	0		899.51882
3147	1	Plus1Oxy:1	1322.67642
3148	0		1351.78361
3149	0		2988.67589
3150	1	Plus1Oxy:1	835.44076
3151	0		2335.30849
3152	0		1356.74729
3153	0		1039.50864
3154	0		3511.81653
3155	0		1417.8153
3156	0		904.44024
3157	0		1041.65457
3158	0		1055.60869
3159	0		920.44638
3160	0		1570.82151
3161	0		1904.95911
3162	1	Plus1Oxy:1	857.44286
3163	0		1353.81656
3164	1	Plus1Oxy:24	3865.94145
3165	0		801.44968
3166	0		1325.73427
3167	1	Plus1Oxy:9	1677.82962
3168	0		2047.03869
3169	1	Plus1Oxy:1	2715.39135
3170	0		848.45041
3171	1	Plus1Oxy:5	913.46908
3172	0		913.48685
3173	1	Plus1Oxy:3	2330.96722
3174	0		1261.70297
3175	1	Plus1Oxy:3	771.39486
3176	1	Plus1Oxy:1	1476.74662
3177	1	Plus1Oxy:1	3324.61571
3178	0		1180.57975
3179	0		1485.80244
3180	0		1202.63285
3181	0		1584.67405
3182	0		1225.6277
3183	0		811.55039
3184	2	Plus1Oxy:1,Plus1Oxy:4	1331.70527
3185	1	Plus1Oxy:4	897.43778
3186	1	Plus1Oxy:9	1900.02528
3187	2	Plus1Oxy:5,Plus1Oxy:8	966.42621
3188	1	Plus1Oxy:12	1614.71293
3189	0		1140.59001
3190	0		1472.75824
3191	0		2440.35491
3192	0		3177.72602
3193	0		2274.16118
3194	0		2506.26438
3195	1	Plus1Oxy:6	1009.52659
3196	1	Plus1Oxy:2	1708.79184
3197	0		1198.68218
3198	2	Plus1Oxy:2,Plus1Oxy:13	2637.27471
3199	1	Plus1Oxy:7	1591.85756
3200	1	Plus1Oxy:7	851.39929
3201	0		2146.14368
3202	1	Plus1Oxy:6	1113.51979
3203	0		1046.47807
3204	0		799.49154
3205	0		1146.59337
3206	1	Plus1Oxy:4	882.38263
3207	0		1048.6168
3208	0		772.47075
3209	0		868.40001
3210	0		1469.82011
3211	0		1178.54681
3212	1	Plus1Oxy:14	3503.70228
3213	0		1699.98314
3214	0		1351.62301
3215	1	Plus1Oxy:1	860.47892
3216	0		1221.62406
3217	0		1113.60293
3218	0		1317.66178
3219	0		759.46764
3220	0		641.42241
3221	0		839.40735
3222	0		1857.88964
3223	0		973.51334
3224	1	Plus1Oxy:1	1061.56509
3225	0		2249.10755
3226	0		1143.64719
3227	0		796.50311
3228	0		887.51882
3229	0		904.50177
3230	0		2819.46049
3231	0		1614.84388
3232	0		844.429
3233	0		1311.73975
3234	0		2486.17213
3235	0		1172.66653
3236	0		1923.95655
3237	0		998.55084
3238	1	Plus1Oxy:6	912.40106
3239	0		697.41224
3240	2	Plus1Oxy:12,Plus1Oxy:13	1997.0021
3241	0		710.41872
3242	0		714.42755
3243	1	Plus1Oxy:15	2401.14049
3244	0		1019.53274
3245	1	Plus1Oxy:1	1381.66592
3246	2	Plus1Oxy:1,Plus1Oxy:8	3047.45868
3247	0		1230.67538
3248	0		1264.60154
3249	0		964.39262
3250	1	Plus1Oxy:9	2273.01317
3251	0		989.58689
3252	2	Plus1Oxy:1,Plus1Oxy:4	839.42443
3253	0		1715.89493
3254	1	Plus1Oxy:1	833.47925
3255	0		654.40643
3256	0		1916.02673
3257	0		1833.04444
3258	0		1120.62737
3259	0		1420.71705
3260	0		1086.54912
3261	0		1860.08319
3262	0		1850.99347
3263	0		883.56029
3264	1	Plus1Oxy:17	2057.09917
3265	1	Plus1Oxy:2	1253.54197
3266	1	Plus1Oxy:2	749.37412
3267	2	Plus1Oxy:6,Plus1Oxy:20	2597.19561
3268	0		2463.38952
3269	0		1962.11488
3270	1	Plus1Oxy:1	897.40139
3271	0		3374.79984
3272	0		1279.64816
3273	0		1084.56649
3274	1	Plus1Oxy:1	1564.78915
3275	0		1469.79899
3276	1	Plus1Oxy:17	2411.24772
3277	0		648.34422
3278	0		1276.68488
3279	1	Plus1Oxy:10	2034.10834
3280	2	Plus1Oxy:5,Plus1Oxy:11	1599.70202
3281	0		2593.29528
3282	0		1103.56846
3283	0		915.5025
3284	0		872.47153
3285	0		1620.83332
3286	0		1245.63866
3287	0		774.39454
3288	0		2406.29396
3289	0		1659.82559
3290	0		2892.39104
3291	1	Plus1Oxy:2	981.41466
3292	0		915.44499
3293	0		1372.79384
3294	0		760.43303
3295	0		967.52727
3296	0		736.37552
3297	1	Plus1Oxy:1	1852.91091
3298	0		1170.64955
3299	0		1580.84091
3300	0		1334.69822
3301	0		1853.92325
3302	0		615.39553
3303	0		1589.84124
3304	1	Plus1Oxy:13	2155.0843
3305	0		2395.33951
3306	1	Plus1Oxy:4	1388.74181
3307	0		799.45516
3308	0		1591.79938
3309	1	Plus1Oxy:1	2095.13461
3310	0		1040.58003
3311	0		998.57599
3312	0		1927.11549
3313	1	Plus1Oxy:3	2327.23062
3314	0		1561.8351
3315	0		1146.62842
3316	0		1276.72127
3317	0		886.48718
3318	1	Plus1Oxy:21	2679.46143
3319	0		1993.14718
3320	1	Plus1Oxy:1	708.34758
3321	3	Plus1Oxy:1,Plus1Oxy:8,Plus1Oxy:19	3046.52477
3322	1	Plus1Oxy:2	989.51881
3323	0		1380.59454
3324	1	Plus1Oxy:15	2875.4478
3325	0		1258.70331
3326	1	Plus1Oxy:4	1553.72171
3327	0		2257.20384
3328	0		1921.02679
3329	0		1043.59745
3330	0		1083.65122
3331	0		1965.10465
3332	0		1073.57163
3333	2	Plus1Oxy:4,Plus1Oxy:6	682.26654
3334	0		830.46097
3335	0		910.55995
3336	0		798.39837
3337	0		2108.09348
3338	0		1823.08927
3339	0		1191.63596
3340	1	Plus1Oxy:1	692.38905
3341	0		1053.67973
3342	1	Plus1Oxy:1	2247.06964
3343	0		671.42174
3344	1	Plus1Oxy:1	1096.54872
3345	0		1051.63892
3346	0		2373.24984
3347	0		547.27139
3348	0		3302.87147
3349	0		2236.16981
3350	0		1279.71085
3351	0		982.59231
3352	0		1717.87082
3353	1	Plus1Oxy:7	2258.09704
3354	1	Plus1Oxy:1	777.41665
3355	0		1038.57091
3356	0		1169.62914
3357	0		2741.4459
3358	2	Plus1Oxy:1,Plus1Oxy:8	1594.80307
3359	0		1891.95396
3360	0		1923.96039
3361	0		615.33399
3362	0		842.44974
3363	0		1610.92558
3364	3	Plus1Oxy:1,Plus1Oxy:7,Plus1Oxy:16	2320.02531
3365	0		1914.09375
3366	0		1393.8081
3367	0		1087.60254
3368	0		1099.62367
3369	0		1393.69895
3370	0		2923.34051
3371	0		2263.10881
3372	0		819.37961
3373	0		1300.70984
3374	0		1029.48791
3375	0		2315.23197
3376	0		998.56947
3377	0		1940.98024
3378	0		2564.27034
3379	0		949.52457
3380	0		1767.88245
3381	0		2766.4762
3382	1	Plus1Oxy:17	2214.10365
3383	0		803.40716
3384	0		1254.72952
3385	0		3497.07069
3386	0		1618.86192
3387	2	Plus1Oxy:14,Plus1Oxy:20	2780.50795
3388	1	Plus1Oxy:9	2620.36414
3389	0		3276.71748
3390	1	Plus1Oxy:29	3442.9669
3391	1	Plus1Oxy:6	1054.49456
3392	1	Plus1Oxy:2	3851.08126
3393	0		3237.68027
3394	1	Plus1Oxy:4	934.54555
3395	1	Plus1Oxy:6	1018.40654
3396	0		2785.51589
3397	0		1555.78565
3398	0		2009.16724
3399	0		1536.86634
3400	0		1054.50045
3401	1	Plus1Oxy:3	2973.65144
3402	0		2111.14547
3403	0		1447.69559
3404	2	Plus1Oxy:5,Plus1Oxy:8	2580.44217
3405	0		1344.76994
3406	0		1207.6495
3407	0		2603.40048
3408	0		1188.6866
3409	1	Plus1Oxy:13	2440.17787
3410	0		1092.55632
3411	0		3266.89461
3412	1	Plus1Oxy:13	2399.32049
3413	1	Plus1Oxy:24	3225.78788
3414	0		2039.20364
3415	0		1117.57269
3416	0		1433.73361
3417	0		2161.17417
3418	0		1589.83135
3419	0		1472.71599
3420	0		975.5865
3421	0		2671.4002
3422	0		2246.18671
3423	0		1617.78451
3424	0		2311.1524
3425	0		2933.61256
3426	0		1008.55045
3427	0		1741.85353
3428	0		1249.63491
3429	0		1639.92563
3430	1	Plus1Oxy:21	3284.64576
3431	1	Plus1Oxy:1	961.5742
3432	0		986.65279
3433	0		1324.65502
3434	0		1795.87149
3435	0		558.3013
3436	0		1032.51993
3437	1	Plus1Oxy:8	3632.22461
3438	1	Plus1Oxy:6	1026.52798
3439	0		1736.78407
3440	0		871.50277
3441	0		1614.95687
3442	0		997.55559
3443	0		1204.66759
3444	0		2257.16765
3445	0		1094.68112
3446	1	Plus1Oxy:10	1803.84605
3447	0		730.38358
3448	0		915.46611
3449	0		1227.70739
3450	0		894.49227
3451	0		827.48646
3452	0		921.48924
3453	0		1612.81298
3454	1	Plus1Oxy:5	1720.79904
3455	0		1822.99538
3456	1	Plus1Oxy:6	982.5058
3457	1	Plus1Oxy:17	2944.32644
3458	0		844.55678
3459	0		1482.93306
3460	0		2754.41869
3461	0		1831.89645
3462	0		2213.17379
3463	1	Plus1Oxy:7	1135.56951
3464	0		1054.61814
3465	0		994.52694
3466	0		1829.9127
3467	0		852.37658
3468	1	Plus1Oxy:10	1544.79146
3469	1	Plus1Oxy:9	1786.80174
3470	1	Plus1Oxy:7	1419.64222
3471	0		1008.58414
3472	0		2590.32996
3473	0		839.49048
3474	0		1591.72595
3475	0		1765.8569
3476	1	Plus1Oxy:1	786.46729
3477	0		3203.7779
3478	1	Plus1Oxy:23	2907.48141
3479	1	Plus1Oxy:2	824.4214
3480	0		799.49154
3481	0		846.39117
3482	1	Plus1Oxy:6	2440.07325
3483	0		2485.24878
3484	1	Plus1Oxy:11	1753.00065
3485	0		1241.73427
3486	0		1718.86991
3487	2	Plus1Oxy:4,Plus1Oxy:10	2073.95973
3488	0		1967.09112
3489	0		818.381
3490	0		1253.72304
3491	1	Plus1Oxy:13	1786.88977
3492	0		1225.67061
3493	0		1723.85689
3494	0		1395.89249
3495	0		756.40173
3496	0		1153.67061
3497	1	Plus1Oxy:6	1092.50216
3498	0		732.45337
3499	1	Plus1Oxy:3	929.50038
3500	0		1198.69208
3501	0		1247.55168
3502	0		3481.83562
3503	0		827.49769
3504	0		2849.51081
3505	0		790.45885
3506	0		514.3227
3507	0		686.38502
3508	0		3270.63752
3509	0		1882.93971
3510	0		952.52424
3511	0		1767.99946
3512	0		877.45449
3513	0		929.52938
3514	1	Plus1Oxy:14	1904.85821
3515	0		791.42895
3516	0		1556.85616
3517	0		2528.38958
3518	0		673.37585
3519	0		1169.70191
3520	2	Plus1Oxy:4,Plus1Oxy:5	900.39452
3521	0		1734.94028
3522	0		1349.71632
3523	0		2499.29027
3524	0		1112.6528
3525	0		2453.38271
3526	0		1289.70643
3527	3	Plus1Oxy:5,Plus1Oxy:8,Plus1Oxy:17	2119.92565
3528	0		1402.73164
3529	1	Plus1Oxy:1	810.39452
3530	0		1731.91546
3531	0		3335.73194
3532	0		824.42544
3533	0		1998.01829
3534	0		1117.65351
3535	0		629.33188
3536	0		1743.92286
3537	0		746.43601
3538	2	Plus1Oxy:1,Plus1Oxy:16	2027.06547
3539	0		1715.86371
3540	1	Plus1Oxy:12	2789.55055
3541	0		2637.5441
3542	0		1560.87623
3543	0		790.48131
3544	0		3289.77427
3545	0		1567.77105
3546	0		1806.95872
3547	0		1726.82604
3548	0		3064.69193
3549	0		813.5045
3550	0		712.4119
3551	0		790.47008
3552	0		1223.69855
3553	0		1222.70331
3554	0		1324.67096
3555	1	Plus1Oxy:1	2455.21642
3556	0		1939.04609
3557	0		1506.77898
3558	0		833.45027
3559	2	Plus1Oxy:11,Plus1Oxy:15	2418.27215
3560	1	Plus1Oxy:5	1307.74953
3561	1	Plus1Oxy:9	1892.01483
3562	0		1727.9603
3563	0		1103.52871
3564	1	Plus1Oxy:26	3727.60832
3565	0		914.5661
3566	0		1099.5556
3567	0		748.42313
3568	0		1145.59276
3569	0		2048.94875
3570	0		1237.73936
3571	2	Plus1Oxy:3,Plus1Oxy:7	1457.66419
3572	1	Plus1Oxy:10	1627.78881
3573	2	Plus1Oxy:4,Plus1Oxy:11	1629.83297
3574	0		1310.66904
3575	1	Plus1Oxy:7	1032.52731
3576	0		712.44829
3577	0		777.40207
3578	0		742.40471
3579	1	Plus1Oxy:10	1736.8627
3580	1	Plus1Oxy:1	3345.97453
3581	0		1982.05842
3582	0		1723.89732
3583	0		2200.22548
3584	0		1599.84805
3585	0		704.37043
3586	0		1291.68569
3587	1	Plus1Oxy:6	3468.70895
3588	0		2076.03809
3589	0		808.43774
3590	2	Plus1Oxy:12,Plus1Oxy:22	3191.57417
3591	0		785.45477
3592	0		714.4024
3593	0		1503.75685
3594	2	Plus1Oxy:5,Plus1Oxy:26	3069.56994
3595	1	Plus1Oxy:1	1860.02903
3596	0		1118.54635
3597	0		2106.14321
3598	0		2194.25717
3599	0		911.53005
3600	0		2010.00909
3601	0		924.50686
3602	0		1018.56582
3603	0		1282.69544
3604	1	Plus1Oxy:5	2002.98801
3605	1	Plus1Oxy:1	3024.45038
3606	0		1692.80414
3607	1	Plus1Oxy:15	2407.17417
3608	0		1887.9671
3609	0		1028.57263
3610	0		1017.63345
3611	0		1594.79905
3612	0		1523.799
3613	0		714.39117
3614	0		1371.77613
3615	0		873.48204
3616	1	Plus1Oxy:3	755.36356
3617	0		1678.9154
3618	1	Plus1Oxy:22	3046.57057
3619	0		1067.65899
3620	1	Plus1Oxy:2	2245.13125
3621	1	Plus1Oxy:21	3030.36612
3622	0		1239.75971
3623	1	Plus1Oxy:14	2137.07711
3624	0		2122.15088
3625	0		2075.1374
3626	1	Plus1Oxy:3	1758.99212
3627	0		1656.89064
3628	0		1212.73288
3629	0		1265.67676
3630	0		977.45998
3631	0		1578.87287
3632	2	Plus1Oxy:9,Plus1Oxy:12	2879.33224
3633	0		3130.63778
3634	0		1932.10902
3635	1	Plus1Oxy:11	2239.22179
3636	0		1806.98521
3637	0		1038.50553
3638	0		699.42789
3639	0		2274.19286
3640	1	Plus1Oxy:1	1935.1127
3641	0		1351.74339
3642	1	Plus1Oxy:6	1070.40482
3643	2	Plus1Oxy:9,Plus1Oxy:16	3436.63242
3644	0		1790.05256
3645	0		981.58583
3646	1	Plus1Oxy:3	1290.64235
3647	0		3032.52238
3648	0		843.41263
3649	0		798.45722
3650	1	Plus1Oxy:6	1062.51272
3651	0		1248.67471
3652	0		2082.16567
3653	0		871.53782
3654	0		1379.73091
3655	1	Plus1Oxy:6	2362.22145
3656	0		1653.86199
3657	0		1023.46948
3658	0		1947.08285
3659	0		800.45041
3660	0		997.54167
3661	0		1432.75612
3662	0		2031.11521
3663	0		2354.31028
3664	1	Plus1Oxy:3	896.34414
3665	0		3013.50381
3666	0		1631.79114
3667	0		943.5338
3668	0		1251.66851
3669	0		2318.33206
3670	3	Plus1Oxy:4,Plus1Oxy:5,Plus1Oxy:11	1569.71007
3671	1	Plus1Oxy:15	2034.01713
3672	0		1398.72549
3673	0		2187.15431
3674	0		1145.64038
3675	0		1524.77918
3676	0		928.41777
3677	0		2143.04456
3678	1	Plus1Oxy:15	2037.00222
3679	3	Plus1Oxy:3,Plus1Oxy:12,Plus1Oxy:15	1641.7312
3680	2	Plus1Oxy:7,Plus1Oxy:21	2836.24982
3681	0		2407.33682
3682	0		2661.31725
3683	0		853.51334
3684	0		1857.14256
3685	0		2233.89335
3686	0		1490.82784
3687	1	Plus1Oxy:24	3032.38942
3688	1	Plus1Oxy:3	919.51603
3689	0		1540.90618
3690	1	Plus1Oxy:4	1634.89255
3691	0		860.4603
3692	0		2390.28444
3693	1	Plus1Oxy:1	1691.8399
3694	2	Plus1Oxy:1,Plus1Oxy:3	1092.50954
3695	0		1636.87835
3696	0		1710.91646
3697	0		688.35439
3698	0		1030.49776
3699	0		1326.70774
3700	0		972.56034
3701	1	Plus1Oxy:7	907.38172
3702	1	Plus1Oxy:3	915.46697
3703	0		1083.52699
3704	0		829.47695
3705	0		1368.65945
3706	0		1309.75779
3707	1	Plus1Oxy:1	647.3312
3708	0		738.46394
3709	0		2122.28837
3710	0		2487.29429
3711	0		817.42934
3712	0		901.46909
3713	0		1787.9457
3714	0		2567.32856
3715	1	Plus1Oxy:15	2657.24773
3716	0		1697.87447
3717	0		811.52793
3718	0		2195.32652
3719	0		1024.61411
3720	0		1148.56477
3721	0		1562.83888
3722	0		1649.79047
3723	0		783.45304
3724	1	Plus1Oxy:12	1754.95726
3725	0		869.49702
3726	0		927.55011
3727	1	Plus1Oxy:6	834.3905
3728	1	Plus1Oxy:2	1303.66658
3729	1	Plus1Oxy:1	1298.71414
3730	0		1115.63721
3731	0		672.42822
3732	0		2731.2951
3733	0		997.55559
3734	0		2131.17753
3735	0		1073.50289
3736	0		919.4545
3737	0		681.45371
3738	0		1852.97225
3739	0		986.59846
3740	1	Plus1Oxy:13	1895.02976
3741	0		2697.34864
3742	0		1434.74346
3743	0		1739.96414
3744	0		1260.64619
3745	0		1244.6724
3746	0		2108.18804
3747	0		1734.94901
3748	0		2147.10504
3749	0		1015.49741
3750	0		1887.00739
3751	1	Plus1Oxy:14	2246.10001
3752	0		1230.62439
3753	2	Plus1Oxy:18,Plus1Oxy:26	3274.77612
3754	2	Plus1Oxy:4,Plus1Oxy:14	2301.22235
3755	0		3587.55941
3756	0		864.46395
3757	0		908.61707
3758	0		1087.62367
3759	0		774.34086
3760	0		805.49221
3761	0		979.48349
3762	0		1231.70364
3763	0		2520.42893
3764	0		2311.12722
3765	0		659.34897
3766	0		1867.98632
3767	0		1036.55526
3768	1	Plus1Oxy:3	2989.5781
3769	0		2413.41679
3770	0		3089.56766
3771	0		1254.6819
3772	0		772.46941
3773	0		1614.85626
3774	2	Plus1Oxy:1,Plus1Oxy:15	2330.20128
3775	0		776.41019
3776	0		2272.15926
3777	1	Plus1Oxy:12	1473.74311
3778	1	Plus1Oxy:2	4116.13855
3779	0		872.44638
3780	1	Plus1Oxy:7	1046.57282
3781	1	Plus1Oxy:6	892.43236
3782	0		931.45113
3783	0		1124.56814
3784	0		1207.57673
3785	0		1151.65227
3786	0		2536.47799
3787	0		1883.06999
3788	0		1523.94386
3789	0		2267.07876
3790	0		1245.71929
3791	0		2576.54184
3792	0		908.42525
3793	0		1574.92558
3794	2	Plus1Oxy:2,Plus1Oxy:10	2356.97075
3795	0		2376.22186
3796	0		1006.59231
3797	0		949.48685
3798	0		756.46797
3799	1	Plus1Oxy:1	772.45164
3800	1	Plus1Oxy:9	2611.09941
3801	0		988.50764
3802	1	Plus1Oxy:3	1297.60457
3803	3	Plus1Oxy:1,Plus1Oxy:2,Plus1Oxy:9	1662.6509
3804	0		1690.90015
3805	0		2814.49885
3806	0		958.52357
3807	1	Plus1Oxy:1	785.41051
3808	0		946.46069
3809	0		645.34455
3810	0		913.57085
3811	0		1900.92128
3812	1	Plus1Oxy:19	2755.51674
3813	1	Plus1Oxy:2	1602.90138
3814	0		856.39665
3815	1	Plus1Oxy:8	3154.54679
3816	0		1786.09403
3817	0		1894.88423
3818	0		1388.74114
3819	0		811.48031
3820	0		1163.52468
3821	0		818.42861
3822	1	Plus1Oxy:3	2307.14287
3823	1	Plus1Oxy:4	1774.9974
3824	2	Plus1Oxy:16,Plus1Oxy:20	2757.20828
3825	0		955.57018
3826	0		837.47081
3827	1	Plus1Oxy:13	1846.92079
3828	1	Plus1Oxy:1	835.42213
3829	0		1497.89182
3830	0		757.34686
3831	1	Plus1Oxy:1	1945.02631
3832	0		2551.37973
3833	1	Plus1Oxy:1	2742.55048
3834	0		2089.17167
3835	0		1978.92195
3836	0		1298.71935
3837	0		1566.90339
3838	0		850.40068
3839	0		785.43951
3840	0		1001.63067
3841	0		2815.39281
3842	1	Plus1Oxy:30	3476.79382
3843	0		1495.8973
3844	1	Plus1Oxy:11	2847.47268
3845	1	Plus1Oxy:7	1954.86175
3846	0		3531.81289
3847	0		2388.21215
3848	0		1091.58353
3849	0		854.47239
3850	1	Plus1Oxy:7	960.49227
3851	0		2652.38566
3852	0		1741.93217
3853	1	Plus1Oxy:2	1368.62439
3854	0		1290.71579
3855	2	Plus1Oxy:2,Plus1Oxy:4	1365.68559
3856	0		853.44057
3857	0		1979.01835
3858	0		704.37043
3859	0		2532.36337
3860	0		1268.69168
3861	0		914.55218
3862	0		1178.60835
3863	0		1507.60709
3864	0		1887.93792
3865	1	Plus1Oxy:5	1302.62775
3866	2	Plus1Oxy:1,Plus1Oxy:2	1102.44225
3867	0		882.40827
3868	1	Plus1Oxy:1	2577.35583
3869	0		772.38675
3870	0		1297.68771
3871	1	Plus1Oxy:5	677.353
3872	0		1838.95391
3873	0		2246.26465
3874	0		967.58141
3875	0		2158.15338
3876	0		1727.74852
3877	0		1196.60097
3878	0		1621.93435
3879	0		683.39659
3880	0		939.56404
3881	0		2903.5351
3882	0		1037.60215
3883	0		642.41766
3884	0		709.29522
3885	0		1038.56438
3886	0		869.53341
3887	0		1118.59396
3888	0		1336.5937
3889	0		1372.68872
3890	0		782.36707
3891	0		986.50456
3892	0		941.54061
3893	0		1344.76255
3894	1	Plus1Oxy:10	1771.83444
3895	0		2450.32803
3896	2	Plus1Oxy:1,Plus1Oxy:3	899.34379
3897	0		1725.00507
3898	0		1204.58762
3899	0		633.35195
3900	1	Plus1Oxy:2	895.37049
3901	2	Plus1Oxy:4,Plus1Oxy:5	3173.64377
3902	0		2344.13813
3903	1	Plus1Oxy:3	1365.68492
3904	0		830.46097
3905	0		2564.34197
3906	0		771.44901
3907	0		1319.62176
3908	0		807.44901
3909	1	Plus1Oxy:5	1011.50585
3910	0		726.33703
3911	0		804.44935
3912	0		1305.66765
3913	0		1001.55051
3914	0		1663.95079
3915	1	Plus1Oxy:14	2657.323
3916	0		1707.98823
3917	0		1821.87572
3918	0		1505.72219
3919	1	Plus1Oxy:26	4125.28424
3920	0		1227.68694
3921	0		698.44387
3922	0		1911.8553
3923	0		1418.64995
3924	0		914.55487
3925	0		1070.54681
3926	0		1854.96024
3927	0		1321.6522
3928	0		1594.92797
3929	0		1363.72074
3930	1	Plus1Oxy:2	1307.64777
3931	0		2122.2156
3932	0		2342.23838
3933	0		1291.76115
3934	0		3272.90199
3935	0		1334.71282
3936	0		1085.60802
3937	3	Plus1Oxy:13,Plus1Oxy:25,Plus1Oxy:29	3551.73951
3938	0		1150.57053
3939	1	Plus1Oxy:6	2558.2618
3940	0		808.45549
3941	0		1789.89329
3942	0		1002.49947
3943	0		2069.88218
3944	2	Plus1Oxy:20,Plus1Oxy:22	2751.47017
3945	0		1245.5989
3946	0		1997.04186
3947	0		4065.00796
3948	0		1841.98862
3949	0		3367.70937
3950	0		1004.52905
3951	0		858.48104
3952	0		712.4119
3953	0		924.47384
3954	0		2082.11488
3955	0		2270.25208
3956	0		706.35372
3957	0		1017.54945
3958	0		2074.17987
3959	0		1941.06511
3960	1	Plus1Oxy:1	1554.80096
3961	0		4038.22658
3962	0		769.48098
3963	0		978.52463
3964	1	Plus1Oxy:1	687.39888
3965	1	Plus1Oxy:9	2032.01206
3966	0		1332.66079
3967	0		773.41838
3968	0		976.55928
3969	0		2582.43585
3970	0		1154.53961
3971	0		746.35584
3972	0		2550.24568
3973	0		835.41608
3974	0		1045.55559
3975	0		1489.80611
3976	1	Plus1Oxy:14	2957.46068
3977	0		1851.99228
3978	2	Plus1Oxy:4,Plus1Oxy:28	3579.73759
3979	0		826.43707
3980	0		2146.10174
3981	2	Plus1Oxy:1,Plus1Oxy:17	2409.27717
3982	0		2060.11929
3983	0		2580.30071
3984	0		1866.00138
3985	1	Plus1Oxy:20	2660.37431
3986	0		2511.21029
3987	0		2486.3242
3988	0		1752.8248
3989	1	Plus1Oxy:2	1655.87042
3990	0		932.45628
3991	0		1185.68022
3992	0		829.48819
3993	0		1229.60533
3994	1	Plus1Oxy:1	2739.38012
3995	0		788.43918
3996	0		1130.52166
3997	0		805.48098
3998	0		3457.13615
3999	0		884.51194
4000	0		1320.73356
4001	0		1875.10934
4002	0		917.48916
4003	1	Plus1Oxy:2	1302.62122
4004	0		761.37077
4005	0		936.51406
4006	1	Plus1Oxy:11	2686.38362
4007	0		1204.69677
4008	0		900.50283
4009	0		1850.87194
4010	0		1954.12505
4011	0		1043.58353
4012	0		1617.76339
4013	1	Plus1Oxy:2	1514.87142
4014	0		1554.91059
4015	0		1542.84906
4016	0		891.50652
4017	0		2675.47575
4018	1	Plus1Oxy:6	841.40033
4019	0		3114.71612
4020	1	Plus1Oxy:12	1978.03048
4021	0		796.48065
4022	1	Plus1Oxy:8	2004.09375
4023	0		1886.94068
4024	0		1042.57705
4025	1	Plus1Oxy:15	2178.08185
4026	0		1495.77825
4027	2	Plus1Oxy:1,Plus1Oxy:19	3151.45658
4028	0		1207.68385
4029	0		1546.83543
4030	0		1446.73136
4031	0		2711.29469
4032	0		741.46091
4033	0		3455.80087
4034	0		929.59092
4035	0		889.46909
4036	0		671.34245
4037	0		1301.72035
4038	1	Plus1Oxy:14	2420.29184
4039	0		1056.49834
4040	1	Plus1Oxy:1	1073.55386
4041	0		1668.95218
4042	0		867.51776
4043	2	Plus1Oxy:19,Plus1Oxy:20	2544.29394
4044	0		914.4102
4045	1	Plus1Oxy:8	1925.94504
4046	0		2058.98612
4047	2	Plus1Oxy:6,Plus1Oxy:11	2720.53041
4048	1	Plus1Oxy:11	1831.816
4049	0		896.48277
4050	0		1709.94637
4051	0		2761.35978
4052	0		821.51228
4053	0		1265.65881
4054	0		1458.7136
4055	1	Plus1Oxy:1	1478.83906
4056	0		1518.76908
4057	0		1090.57705
4058	1	Plus1Oxy:1	836.38839
4059	0		1112.61239
4060	0		1141.58929
4061	0		937.43654
4062	0		1512.85108
4063	0		1228.60874
4064	0		2834.49607
4065	0		2249.23783
4066	1	Plus1Oxy:1	933.50652
4067	0		935.48243
4068	0		1582.95918
4069	1	Plus1Oxy:3	1596.76122
4070	0		1909.99439
4071	1	Plus1Oxy:8	2768.35636
4072	0		1011.56404
4073	0		804.40894
4074	1	Plus1Oxy:5	1461.80849
4075	0		887.52015
4076	1	Plus1Oxy:1	1048.45416
4077	0		1590.83062
4078	0		2835.60815
4079	2	Plus1Oxy:9,Plus1Oxy:31	4311.24755
4080	0		1202.71348
4081	0		1617.84086
4082	0		1781.93919
4083	2	Plus1Oxy:1,Plus1Oxy:10	1644.80365
4084	1	Plus1Oxy:1	847.43336
4085	0		671.42174
4086	0		743.46533
4087	0		1277.66621
4088	1	Plus1Oxy:18	3252.65949
4089	0		1264.71118
4090	0		2673.55533
4091	0		724.42313
4092	0		627.37038
4093	0		873.42656
4094	1	Plus1Oxy:5	1019.55453
4095	1	Plus1Oxy:3	1982.97303
4096	1	Plus1Oxy:8	1010.52184
4097	1	Plus1Oxy:2	1955.12096
4098	1	Plus1Oxy:1	1949.99535
4099	0		1495.92831
4100	0		626.37513
4101	0		915.56874
4102	0		2672.39477
4103	2	Plus1Oxy:3,Plus1Oxy:10	1295.5485
4104	0		706.29219
4105	0		1443.81972
4106	0		1099.59851
4107	1	Plus1Oxy:4	1347.66044
4108	0		1895.10254
4109	0		1000.51887
4110	1	Plus1Oxy:1	1649.66267
4111	0		1131.54073
4112	0		2519.28075
4113	0		3244.64162
4114	0		3125.74287
4115	1	Plus1Oxy:9	1206.61133
4116	1	Plus1Oxy:3	1433.7482
4117	0		714.46394
4118	1	Plus1Oxy:16	3192.72283
4119	0		902.57012
4120	0		2754.3969
4121	0		1164.72298
4122	0		2050.07025
4123	1	Plus1Oxy:8	1988.0876
4124	1	Plus1Oxy:2	2250.07379
4125	0		885.52832
4126	0		1213.55877
4127	0		644.34931
4128	0		1496.62481
4129	0		1004.59058
4130	0		1474.77792
4131	0		1011.51373
4132	0		1997.9846
4133	0		973.47159
4134	1	Plus1Oxy:9	1304.70224
4135	0		942.5134
4136	1	Plus1Oxy:1	900.47383
4137	0		1328.80268
4138	0		2425.16815
4139	0		1782.03037
4140	0		931.47226
4141	0		2236.1123
4142	0		924.63445
4143	0		1416.69247
4144	0		1086.64705
4145	1	Plus1Oxy:1	2201.2023
4146	1	Plus1Oxy:2	2445.36235
4147	1	Plus1Oxy:6	1208.6335
4148	0		1595.98342
4149	2	Plus1Oxy:3,Plus1Oxy:7	1293.7188
4150	0		1148.55738
4151	0		566.31762
4152	0		1971.85174
4153	0		559.27139
4154	0		641.37479
4155	0		932.45628
4156	0		3303.71512
4157	0		750.47517
4158	0		1918.06485
4159	0		1750.97292
4160	1	Plus1Oxy:11	2062.95699
4161	0		954.50216
4162	1	Plus1Oxy:7	2627.29218
4163	0		2418.24115
4164	0		1803.89031
4165	1	Plus1Oxy:3	852.42755
4166	0		871.47629
4167	0		896.56677
4168	0		1409.83537
4169	0		1947.04581
4170	3	Plus1Oxy:7,Plus1Oxy:10,Plus1Oxy:11	1402.61882
4171	0		820.44426
4172	2	Plus1Oxy:1,Plus1Oxy:3	815.39207
4173	0		2271.21228
4174	0		837.45708
4175	0		1624.8532
4176	0		1039.50078
4177	0		1269.69414
4178	0		1570.85656
4179	0		2459.31801
4180	1	Plus1Oxy:3	1242.5927
4181	0		960.53922
4182	0		2619.42055
4183	0		2026.98936
4184	0		1224.63496
4185	0		1371.60544
4186	0		3611.89795
4187	0		1318.61212
4188	0		865.44057
4189	0		1676.83775
4190	0		3385.73386
4191	1	Plus1Oxy:1	1445.76596
4192	0		1601.9477
4193	0		1712.87394
4194	0		1771.00652
4195	1	Plus1Oxy:22	3117.51878
4196	0		1244.71733
4197	0		985.60321
4198	0		1221.61416
4199	1	Plus1Oxy:5	2518.29875
4200	0		945.48791
4201	0		1746.86819
4202	0		985.4763
4203	0		1233.68291
4204	1	Plus1Oxy:1	1730.82315
4205	0		776.4432
4206	1	Plus1Oxy:1	841.36395
4207	1	Plus1Oxy:11	1475.76663
4208	0		2320.25718
4209	0		1013.52622
4210	0		2609.41825
4211	0		929.52938
4212	0		1412.79278
4213	2	Plus1Oxy:11,Plus1Oxy:12	1703.8924
4214	0		2576.46254
4215	0		1200.59204
4216	0		855.46024
4217	1	Plus1Oxy:19	2344.21358
4218	0		1245.55849
4219	1	Plus1Oxy:3	862.45818
4220	0		3184.76826
4221	0		634.29219
4222	1	Plus1Oxy:9	3499.80192
4223	0		1823.91652
4224	0		1032.4916
4225	0		2467.22767
4226	0		1246.64514
4227	0		1849.00317
4228	0		1007.54734
4229	0		1309.63491
4230	0		711.42789
4231	0		2475.24015
4232	0		1282.68805
4233	1	Plus1Oxy:18	2520.15984
4234	0		1037.47774
4235	1	Plus1Oxy:1	785.36289
4236	0		1721.86237
4237	0		1945.99958
4238	1	Plus1Oxy:4	1312.72125
4239	0		2433.34124
4240	1	Plus1Oxy:7	1379.70911
4241	2	Plus1Oxy:4,Plus1Oxy:6	2418.29749
4242	0		822.4963
4243	0		824.53441
4244	0		898.55006
4245	0		1057.64949
4246	0		1355.80368
4247	0		821.47589
4248	1	Plus1Oxy:14	1786.90753
4249	1	Plus1Oxy:17	3097.50649
4250	0		942.56504
4251	0		1623.90826
4252	1	Plus1Oxy:6	3629.80623
4253	0		806.42861
4254	1	Plus1Oxy:7	1731.92418
4255	0		970.55593
4256	0		869.55856
4257	0		1757.92708
4258	0		3021.46147
4259	0		2061.1469
4260	1	Plus1Oxy:13	2379.27584
4261	1	Plus1Oxy:4	2204.2635
4262	2	Plus1Oxy:1,Plus1Oxy:5	2676.30721
4263	0		627.40676
4264	0		990.51407
4265	0		1788.94949
4266	1	Plus1Oxy:1	2477.23919
4267	1	Plus1Oxy:5	2398.35173
4268	0		969.54945
4269	0		1304.5931
4270	0		1352.82514
4271	0		1309.67398
4272	0		2107.03735
4273	0		2810.43903
4274	1	Plus1Oxy:4	713.34176
4275	0		931.48349
4276	0		2380.16176
4277	0		1156.55863
4278	0		2441.06351
4279	1	Plus1Oxy:14	2537.34229
4280	0		2181.92808
4281	0		1982.91977
4282	0		1243.79887
4283	0		1029.45892
4284	0		956.49669
4285	0		2714.38173
4286	0		815.38133
4287	2	Plus1Oxy:2,Plus1Oxy:24	3319.57074
4288	0		2125.29589
4289	1	Plus1Oxy:8	2643.29362
4290	0		1298.66586
4291	0		708.34422
4292	0		1272.60194
4293	1	Plus1Oxy:1	907.4181
4294	0		1295.69855
4295	1	Plus1Oxy:4	2459.26298
4296	0		1898.90813
4297	0		1787.1032
4298	0		1317.71526
4299	0		705.40609
4300	0		957.51306
4301	0		2447.22324
4302	0		1169.5941
4303	0		2490.42087
4304	0		2453.22728
4305	3	Plus1Oxy:11,Plus1Oxy:14,Plus1Oxy:15	2101.12086
4306	2	Plus1Oxy:4,Plus1Oxy:9	3036.42475
4307	1	Plus1Oxy:12	2768.35503
4308	1	Plus1Oxy:12	2496.2762
4309	0		823.50277
4310	0		1611.92082
4311	0		1305.68157
4312	0		3542.8592
4313	0		1347.64922
4314	1	Plus1Oxy:12	2151.17205
4315	0		1196.77166
4316	0		814.43707
4317	2	Plus1Oxy:1,Plus1Oxy:3	810.37273
