Scan_Group_ID	Charge	Scan
1	3	8060
2	3	7331
3	3	6332
4	3	8058
5	2	2679
6	3	6216
7	3	4560
8	2	7168
9	3	4671
10	2	7204
11	3	6112
12	3	7487
13	3	5818
14	2	7770
15	2	3911
16	3	6842
16	3	6843
17	2	3560
18	2	5443
19	2	5908
20	3	7091
21	2	6452
22	3	7582
23	2	4562
24	2	3959
25	3	5782
26	2	4031
27	3	3864
28	3	6522
29	3	4512
30	3	4654
31	3	8000
32	3	6540
33	2	4802
34	2	7495
35	3	6019
36	2	6479
37	3	7394
37	3	7395
38	4	7218
39	3	6712
40	2	7966
41	3	6644
42	2	7048
43	2	4739
44	2	1507
45	2	6592
46	2	5591
47	2	7419
48	2	2491
49	2	6166
50	2	4883
51	3	5367
52	3	4712
53	2	1582
54	2	7263
55	3	5582
56	2	3548
57	2	5158
58	2	5958
59	3	7164
60	4	8047
61	3	6318
62	2	4740
63	3	5840
64	2	7087
65	2	5567
66	2	5376
67	3	5796
68	3	6266
69	2	6772
70	4	6046
71	3	4642
72	2	5446
73	4	7867
74	2	5594
75	2	5184
76	2	1499
77	3	4235
78	2	2954
79	2	4611
80	2	5256
81	3	6104
82	2	7062
83	2	7420
84	2	3950
85	2	6066
86	2	5034
87	3	4383
88	2	4691
89	2	6880
90	3	6192
91	3	3000
92	2	5487
93	2	7564
94	4	7406
95	2	6924
95	2	7071
96	3	7790
97	1	2272
98	3	7119
99	2	5426
99	2	5427
100	3	5398
101	2	3144
102	3	7590
103	2	7540
104	2	7527
105	3	6240
106	3	4504
107	3	5694
108	2	3752
109	2	5164
110	2	8015
111	3	5344
112	3	6718
113	2	2870
114	3	5134
115	2	6520
116	2	6122
117	2	3252
118	3	5416
119	2	5102
120	3	6102
121	3	7998
122	2	5690
123	2	3247
124	2	3874
125	2	5651
126	3	4656
127	3	4530
128	2	7548
129	2	7303
130	3	4423
131	2	5795
132	2	3856
133	3	4779
134	3	6420
135	2	5126
136	3	7703
137	3	7472
138	2	7631
139	2	4566
140	2	3227
141	2	7476
142	2	6070
143	2	5479
144	4	7407
145	2	4747
146	3	6286
147	2	7579
148	2	5679
149	3	3860
150	3	5570
151	3	7368
152	2	3070
153	3	6290
153	3	6291
154	2	5891
155	2	5326
156	3	7348
157	2	6523
158	2	6227
159	2	5271
160	2	6128
161	2	3788
162	2	6908
163	2	6267
164	2	6796
165	2	3008
166	2	7644
167	4	8051
168	4	6020
169	3	6268
170	3	5854
171	2	6203
172	3	8034
173	3	7851
174	2	5016
175	3	6175
176	2	6200
177	3	6390
177	3	6392
178	2	3154
179	2	6680
180	3	2842
180	3	2843
181	2	3163
182	2	2722
183	2	5838
184	2	5323
185	2	5328
186	2	5678
187	2	7686
188	3	6426
189	2	1490
190	2	6346
191	2	6436
192	2	2828
193	2	5063
194	3	5712
195	2	6955
196	2	2271
197	3	6230
198	2	4854
199	2	4532
200	3	2211
201	2	1148
202	3	5140
203	3	4976
204	2	6638
205	2	5282
206	2	6875
207	2	6447
208	2	2744
209	2	3802
210	3	6186
211	3	6558
212	3	6694
213	2	5900
214	3	7890
215	2	4938
216	3	6574
216	3	6575
217	2	7871
218	3	3350
219	2	6851
220	2	4979
221	2	4926
222	3	7604
223	2	6607
224	2	3244
225	2	5142
226	2	1890
227	2	5234
228	2	1982
229	3	7699
230	2	4340
231	3	5784
232	2	7752
233	3	6136
234	4	5270
235	2	6679
236	2	3678
237	2	1826
238	2	3998
239	2	5390
240	2	3990
241	2	5430
242	2	6314
243	2	5936
244	3	5358
244	3	5359
245	2	5603
246	2	5176
247	3	7663
247	3	7664
248	3	4386
249	2	7123
250	3	4688
251	2	6140
252	2	7054
253	2	1428
254	3	5763
255	3	5042
256	2	7346
256	2	7347
257	2	6408
258	2	7451
259	3	3658
260	2	6194
260	2	6195
261	2	4059
262	3	7492
263	2	5960
264	2	5523
265	3	6488
265	3	6495
266	2	8100
267	2	6956
268	2	6543
269	3	6271
270	3	3963
271	2	7676
272	2	4772
273	2	7759
274	4	8063
275	2	2703
276	2	4764
277	3	7150
278	2	5842
279	2	2892
280	2	8064
281	3	7732
282	3	3568
283	2	6047
284	2	6191
285	2	7688
286	2	7712
287	3	6116
288	2	1270
289	2	3768
290	2	6158
291	4	7555
292	2	4706
293	4	7730
294	2	7454
295	2	3630
296	3	7738
296	3	7740
297	2	1344
298	1	4559
299	2	3532
300	2	2223
301	2	7846
302	3	6307
303	2	6876
304	3	8182
305	2	5515
306	2	7792
307	2	1579
308	2	1592
309	3	6756
310	2	3063
311	2	7387
312	3	6631
313	2	7627
314	3	5506
315	2	2376
316	2	6826
317	3	8098
317	3	8099
318	2	2719
319	2	6344
320	2	4328
321	2	6428
322	2	6898
323	3	6818
323	3	6819
324	2	3402
325	4	5046
326	4	5964
327	3	4896
328	2	7583
329	2	1888
330	2	3130
330	2	3131
331	2	4755
332	2	3859
333	2	5794
334	3	5220
335	4	5955
336	2	7502
337	2	2410
338	1	4270
338	1	4271
339	3	7075
340	2	4518
341	2	6242
342	2	1444
343	2	6700
344	2	7471
345	2	3592
346	2	6702
347	2	6391
348	3	5843
349	2	3615
350	3	5788
351	2	4314
352	2	5230
353	2	4942
354	2	4734
355	2	4354
356	4	6238
357	2	6650
357	2	6651
358	3	1512
359	3	3974
360	2	6850
361	2	5626
362	2	5052
363	3	7014
364	2	5235
364	2	5236
365	2	6379
366	3	4730
367	2	5111
368	2	6170
369	3	7720
370	2	6190
371	2	3315
372	2	5786
373	2	1103
374	2	2634
375	3	5006
376	3	3280
377	2	7556
378	2	3143
379	2	7435
380	3	5190
380	3	5191
381	2	5586
382	2	7559
383	2	3828
384	2	3551
385	2	4863
386	3	6595
387	2	5836
388	2	7551
389	2	6014
390	1	4331
391	3	6834
392	2	7127
393	4	7512
394	2	6655
395	2	5079
396	2	6846
397	2	3634
398	2	6304
399	1	5228
400	2	4339
401	3	4202
402	3	7012
403	2	5780
404	3	3987
405	2	3448
406	3	5642
407	2	5480
408	2	3595
409	2	5947
410	3	7084
411	2	7716
412	3	8110
413	3	7810
414	3	5486
415	3	7962
415	3	7963
416	2	1576
417	3	8111
418	2	6246
419	2	2692
420	3	6798
420	3	6799
421	4	7807
422	2	3699
423	2	4595
424	2	6746
425	2	4516
426	2	5740
427	2	4715
428	2	1596
429	2	4598
430	3	5258
431	3	5944
432	2	7223
433	2	7558
434	2	2982
435	2	4594
436	2	3600
437	2	6323
438	2	4570
439	2	5558
440	3	4650
441	2	7138
441	2	7139
442	1	3502
442	1	3504
443	2	5996
444	2	2963
445	3	5356
446	3	7384
447	2	5778
448	2	3642
449	3	6292
450	2	3410
451	3	2979
452	3	4588
453	2	2806
454	2	5108
455	2	2258
456	2	2442
457	3	6383
458	3	4686
459	2	7706
459	2	7860
460	2	5888
461	2	7468
462	3	7562
463	2	3511
464	2	3250
465	3	6226
466	2	2940
467	2	3748
468	3	2696
469	3	7412
470	3	5835
471	2	4906
472	4	7668
473	2	2742
474	2	2059
475	2	3298
476	2	6910
477	3	5115
478	3	3720
479	3	7095
480	2	5423
481	2	5775
482	2	2544
483	2	4159
484	2	6010
485	3	7662
485	3	7814
485	3	8258
485	3	8260
486	3	4750
487	2	4948
488	3	3927
489	2	6236
490	4	8002
491	2	4440
492	2	1822
493	3	4324
494	2	6964
495	2	4204
496	2	5306
497	2	2867
498	2	4148
499	2	4415
500	3	7847
501	3	7478
502	2	5648
503	2	3190
504	3	6588
505	3	5494
506	2	2091
507	3	6198
508	3	2538
509	3	4762
510	2	6914
511	3	1706
511	3	1707
512	2	5012
513	4	3966
514	2	6490
515	2	6380
516	2	6030
517	2	5216
518	2	5982
519	2	4478
520	2	5130
521	3	5408
522	3	6362
522	3	6363
523	2	3324
524	3	6904
525	3	6743
526	3	6580
527	2	5343
528	2	5162
528	2	5163
529	2	5071
530	2	8347
531	1	2670
532	2	2946
533	4	6830
534	3	7523
535	2	5542
536	2	6306
537	2	4587
538	2	3579
539	3	5602
540	2	3803
541	3	5018
541	3	5020
542	2	1723
543	2	6251
544	2	1247
545	2	4596
546	2	4043
547	2	3983
548	2	2022
549	3	2630
550	2	2456
551	2	3230
552	2	3751
553	2	2886
554	2	1827
555	2	6016
556	2	2955
557	2	6738
558	2	2392
559	2	1566
560	2	6992
561	2	7106
562	2	1968
563	2	3895
564	2	7919
565	2	2530
566	2	6040
567	2	7799
568	2	4920
569	3	5475
570	3	8072
571	2	2659
572	4	7006
573	2	6496
574	2	6082
575	3	6331
576	3	5552
577	2	3380
578	2	2608
579	2	5946
580	3	7122
581	2	2543
582	2	6502
583	2	6618
584	2	1352
585	2	4334
585	2	4335
586	2	4292
587	2	3475
588	3	6927
589	2	2532
590	2	6159
591	3	5584
592	2	2590
593	3	7298
594	2	2863
595	2	3580
596	2	6602
597	3	4778
598	3	6274
599	3	5362
600	2	4527
601	1	2375
602	2	4652
603	2	2791
604	3	5183
605	2	3555
606	2	6954
607	3	6371
608	3	5590
609	3	6782
610	2	5318
611	2	4771
612	2	2076
613	2	2190
614	2	6526
615	4	5828
616	2	5546
617	3	6598
618	1	6868
619	2	6907
620	2	6218
621	2	3194
622	2	4634
623	3	6822
624	2	4844
625	2	2794
626	2	6620
627	3	5399
628	3	5300
629	3	7572
630	4	7396
631	3	8030
632	1	3886
633	3	7236
634	2	7390
635	1	1836
636	2	5448
637	2	7715
638	2	6546
639	2	4922
640	3	6398
640	3	6400
641	4	6527
642	2	7162
643	2	3704
644	2	8203
645	4	7386
646	2	4994
647	2	1970
648	2	2586
649	2	3235
650	2	4514
651	2	4672
652	4	5514
653	2	6418
654	2	3531
655	2	4622
656	2	4756
657	2	2306
658	2	3092
659	2	8158
660	2	2432
661	3	7883
662	2	3728
663	3	7092
664	2	2887
665	1	2279
666	4	7004
667	1	4088
668	2	7726
669	2	3536
670	2	3919
671	2	4350
672	2	5107
673	3	3446
674	2	3995
675	2	4808
676	2	4472
677	3	7124
678	3	2880
679	2	5123
680	2	2315
681	2	3270
681	2	3271
682	4	7914
682	4	8062
683	2	2836
684	2	4462
685	2	2339
686	3	7147
687	2	4859
688	3	6794
689	2	4372
690	3	7066
691	3	6731
692	2	7594
693	2	3930
694	2	7684
695	4	7043
696	2	3232
697	2	7312
698	2	5010
698	2	5011
699	3	7702
700	2	6087
701	3	7498
702	2	3506
703	3	6187
704	2	7708
705	2	3451
706	2	6686
707	2	3007
708	3	7128
709	3	5314
710	2	7719
711	2	7439
712	3	5598
713	3	7695
714	2	2736
715	3	3482
716	2	3439
717	2	6412
718	3	4682
719	2	3050
720	3	7946
721	2	4078
722	2	7436
723	2	2923
724	2	2774
725	3	5907
726	2	2931
727	2	6431
728	2	3596
729	2	5886
730	3	7179
731	3	6979
732	3	5822
732	3	5823
733	2	4727
734	3	4618
735	2	3666
736	2	6510
737	2	5948
738	3	4394
739	2	3771
740	2	4466
740	2	4467
741	2	1398
742	2	3896
743	2	7711
744	2	2626
745	2	3319
746	3	7112
747	2	5926
748	3	1558
749	2	7200
750	2	3651
751	2	6399
752	2	2710
753	2	7142
754	1	3332
755	2	5438
756	2	2502
756	2	2503
757	2	6646
758	2	4675
759	2	7134
760	2	2646
761	2	1614
762	3	6751
763	2	5492
764	2	4206
765	3	4907
766	2	4203
767	2	5816
768	2	1395
769	2	7334
770	4	6858
771	2	1679
772	2	2588
773	2	7524
774	2	3954
775	4	6182
776	2	6987
777	2	1264
778	2	7724
779	2	4511
780	2	8080
781	2	1658
782	3	7155
783	3	7192
784	3	5502
784	3	5503
785	2	2139
786	2	4230
787	2	5004
788	2	2363
789	2	3662
790	3	5986
791	2	4036
792	2	5918
793	2	1188
794	2	2338
795	4	7578
796	2	3042
797	2	7854
798	3	5378
799	2	4263
800	3	3088
801	2	7855
802	2	4178
803	2	3850
804	2	2480
805	3	4214
806	2	6687
807	4	6634
808	3	7576
809	2	7598
810	2	3480
811	3	7455
812	3	7723
813	2	2255
814	3	4760
815	2	7423
816	2	5279
817	1	1587
818	2	6022
819	3	3951
820	2	5566
821	2	4072
822	2	4420
823	3	3711
824	2	6519
825	3	6628
826	2	6171
827	2	1342
828	4	7806
829	1	1652
830	3	7984
831	2	7239
832	2	5496
833	2	5440
834	2	3355
835	3	6039
836	2	5610
837	3	7228
838	2	4639
839	3	7388
840	2	4858
841	2	1947
842	2	4751
843	1	3040
844	2	6026
844	2	6027
845	2	2707
846	3	8142
847	2	2202
848	3	2934
849	4	7786
850	2	5544
851	3	7244
852	2	4978
853	2	4090
854	2	4558
855	2	3094
856	2	3060
857	1	2231
858	2	4050
859	2	2330
860	2	5774
861	4	6071
862	2	5871
863	2	3683
864	2	6174
865	2	4326
866	2	4070
867	2	4058
868	2	7774
869	2	3168
870	2	1808
871	2	2932
872	2	2959
873	2	7007
874	2	2355
875	2	4932
876	2	5215
877	3	6484
878	2	5462
879	2	7178
880	2	5463
881	4	4543
882	3	5943
883	2	7735
884	2	3356
885	3	7990
886	2	4636
887	2	4822
888	2	1584
889	3	5756
890	3	5735
891	2	2407
892	3	7230
893	2	2282
894	2	5432
895	2	2196
896	2	6466
897	2	4250
898	1	1630
899	2	6348
900	2	6415
901	2	3310
902	2	5198
903	3	7987
904	2	4322
905	3	7067
906	2	7866
907	3	7850
908	2	2403
909	2	2003
910	3	5634
911	2	6614
912	2	4439
913	2	5055
914	2	5799
915	2	1904
916	4	5718
917	2	5316
918	3	7755
919	1	3043
920	2	5307
921	2	4338
922	1	5019
923	3	5915
924	3	7302
924	3	7304
925	4	6204
926	2	4856
927	2	1760
928	2	7362
929	2	1100
930	2	2563
931	2	7220
932	4	5470
933	2	6576
934	3	2458
935	2	6704
936	2	4312
937	2	1262
938	3	7570
939	2	7930
940	2	4020
941	2	5036
942	2	6382
943	2	5078
944	2	2158
945	3	7314
946	3	7376
947	3	5067
948	2	3364
949	3	6214
950	2	3004
951	3	7834
952	2	5122
953	2	4054
954	3	6091
955	2	3326
956	1	1528
957	3	6538
958	2	2094
959	3	2526
960	1	3879
961	2	7104
962	1	1971
963	3	5832
964	2	6351
965	3	7687
966	2	5200
967	2	4003
968	3	7823
968	3	7838
969	2	4676
970	1	3262
971	1	5131
972	2	4540
973	2	7975
973	2	7976
974	3	6754
974	3	6764
975	2	5204
976	1	4975
977	2	7667
978	2	4763
979	2	7372
980	3	6544
981	4	6250
982	4	4894
983	2	6514
984	4	6439
985	2	1927
986	2	6776
987	2	7428
988	1	2492
989	3	4700
990	2	2278
991	1	2090
992	2	7159
993	2	1708
994	2	4855
995	4	6532
996	2	3680
997	2	7936
998	4	6636
999	2	3714
999	2	3715
1000	2	5802
1001	2	2474
1002	3	7028
1003	4	7308
1004	2	4032
1005	2	4416
1006	3	3118
1007	2	6074
1008	2	3540
1009	3	1699
1010	2	6152
1011	2	8159
1012	2	3960
1013	2	3827
1014	2	2488
1015	2	1991
1016	2	2452
1017	2	2522
1018	2	1704
1019	1	7163
1020	2	6803
1021	2	6920
1022	3	6008
1023	3	6296
1024	4	5563
1025	2	4174
1026	2	6050
1027	3	7794
1028	3	2460
1029	1	1812
1030	2	2204
1031	2	2964
1032	2	5826
1033	2	4168
1034	3	5511
1035	3	5000
1036	2	1764
1037	2	3342
1038	2	2404
1039	2	4508
1040	4	4216
1041	2	5298
1042	2	4862
1043	2	6983
1044	1	3607
1045	3	6916
1046	3	6950
1047	3	5759
1048	2	4387
1049	3	6658
1050	3	1560
1051	2	5167
1052	2	6691
1053	2	5507
1054	2	4987
1055	4	7584
1056	3	4818
1056	3	4819
1057	2	4468
1058	4	2980
1059	1	4986
1060	2	4207
1061	2	3283
1062	2	7116
1063	2	3028
1064	2	2942
1065	2	3219
1066	1	1420
1067	2	3722
1068	3	7948
1069	1	6012
1070	2	4683
1071	2	6750
1072	2	3962
1073	2	3382
1074	2	4754
1075	2	3158
1076	2	6234
1077	3	6586
1078	2	4864
1079	2	1362
1080	2	1670
1081	1	6862
1082	2	4330
1083	2	6946
1084	2	1463
1085	2	5896
1086	2	1550
1087	3	7002
1088	2	1455
1089	2	1574
1090	2	4218
1091	1	6550
1092	2	2927
1093	2	3664
1094	3	6248
1095	1	3312
1096	2	7046
1097	2	5246
1098	2	6852
1099	2	4930
1100	2	6478
1101	2	3484
1102	2	4647
1103	2	4646
1104	2	4118
1105	2	3830
1106	3	4692
1107	2	1131
1108	3	3663
1109	3	3938
1110	2	6004
1111	2	5002
1112	2	2516
1113	2	7350
1114	2	7383
1115	2	2704
1116	2	4732
1117	2	1443
1118	3	7470
1119	1	1747
1120	2	6994
1121	2	3490
1122	2	1762
1123	2	5351
1124	1	6747
1125	3	7934
1126	3	4607
1127	2	4615
1128	2	4630
1129	3	4412
1130	2	7514
1131	2	1758
1132	3	4098
1133	2	1216
1134	2	6882
1135	2	6164
1136	2	5500
1137	3	5675
1138	2	3510
1139	1	4946
1140	2	5327
1141	2	2342
1142	4	6778
1143	2	3832
1144	2	3924
1145	2	5452
1146	2	3100
1147	3	8119
1148	4	7560
1149	2	3379
1150	1	3051
1151	2	6684
1152	3	6974
1153	2	8007
1154	3	6986
1155	3	1784
1156	2	3238
1157	1	2203
1158	2	4210
1159	2	3195
1160	2	4952
1161	2	1190
1162	3	2680
1163	3	2426
1164	3	7490
1165	3	5975
1166	1	2402
1167	5	4563
1168	2	2464
1169	2	5660
1170	3	4476
1171	2	7707
1172	4	3939
1173	2	4130
1174	2	1343
1175	2	2564
1176	2	3031
1177	2	5110
1178	3	2614
1179	2	3875
1180	2	5571
1181	3	6767
1182	3	3806
1183	2	3791
1184	3	3604
1185	2	3731
1186	2	4128
1187	2	7438
1188	3	7448
1189	2	4039
1190	2	3300
1191	2	4736
1192	2	5288
1193	3	5407
1194	2	4363
1195	2	4426
1196	2	1790
1197	3	4272
1198	3	5302
1198	3	5303
1199	2	6051
1200	3	4902
1200	3	4903
1201	4	8131
1202	2	4022
1203	2	7360
1204	2	1415
1205	3	6870
1206	2	2395
1207	2	2878
1208	2	3036
1209	3	7336
1210	2	2611
1211	3	5424
1212	3	7238
1213	3	7363
1214	3	8234
1214	3	8235
1215	2	1846
1216	2	4694
1217	2	7802
1218	2	4526
1219	2	7534
1220	2	6095
1221	2	4076
1222	2	8254
1223	2	3086
1224	3	4391
1225	4	3943
1226	3	7550
1227	3	6196
1228	2	2751
1229	2	5124
1230	3	7727
1231	2	3268
1232	3	7380
1233	2	4834
1234	2	3414
1235	3	7650
1236	3	8086
1236	3	8087
1237	3	5910
1238	2	5728
1239	3	7508
1240	4	6222
1241	2	5772
1242	2	4895
1243	1	6766
1244	2	4024
1245	2	2266
1246	3	3164
1247	3	3742
1248	2	4600
1249	3	8138
1250	3	1598
1250	3	1599
1251	1	2055
1252	3	6899
1253	2	6918
1254	2	3106
1255	3	6599
1256	4	5047
1257	3	3855
1258	3	7083
1259	3	3134
1260	2	2206
1261	4	7935
1262	3	4643
1263	3	1992
1264	2	1611
1265	2	1756
1266	2	6835
1267	2	4580
1268	2	1938
1269	3	4915
1270	2	1446
1271	3	5967
1272	3	8162
1273	2	5699
1274	2	4586
1275	2	1768
1276	2	3739
1277	3	6606
1278	1	1363
1279	3	5103
1280	2	6903
1281	2	4582
1282	2	4164
1283	3	2951
1284	3	6960
1285	4	7247
1286	2	3400
1287	2	4026
1288	2	4698
1289	2	5547
1290	4	7444
1291	2	1780
1292	2	2219
1293	2	5680
1294	2	2606
1295	3	3542
1296	2	5066
1297	2	5151
1298	2	2899
1299	3	7986
1299	3	7988
1300	2	6518
1301	2	6943
1302	2	1610
1303	3	6106
1304	2	4843
1305	2	5223
1306	2	7734
1307	2	4846
1308	2	2700
1309	3	7392
1310	2	4699
1311	2	4519
1312	2	4243
1313	2	3476
1314	3	6815
1315	2	6459
1316	1	3750
1317	2	1451
1318	2	7212
1319	4	7587
1320	2	3346
1321	4	6675
1322	3	4674
1323	2	3566
1324	2	1166
1325	2	6090
1326	2	5550
1327	3	6235
1328	2	7580
1329	4	4398
1330	2	3302
1331	3	7648
1332	2	4046
1333	2	7835
1334	2	2186
1335	2	2283
1336	3	7154
1337	3	7714
1338	2	5768
1339	2	3418
1340	3	6988
1341	2	2998
1342	3	6654
1343	3	7278
1344	2	3486
1345	4	6578
1346	2	8287
1347	3	3686
1348	2	8302
1349	2	2730
1350	2	5863
1351	2	5146
1352	2	1607
1353	2	3139
1354	2	3811
1355	2	4663
1356	3	7939
1357	3	4212
1358	2	5388
1359	2	1431
1360	2	4947
1361	3	4627
1362	3	7674
1363	2	6528
1364	3	3464
1365	2	4502
1366	2	6139
1367	2	2560
1368	3	5238
1369	2	6006
1370	3	7638
1371	3	5024
1372	2	2948
1373	1	1828
1374	2	3207
1375	2	5978
1376	2	3496
1377	2	4910
1378	1	2254
1379	2	3822
1380	2	2682
1381	3	6670
1382	2	3519
1383	2	2243
1384	2	7282
1384	2	7283
1385	2	7595
1386	3	6330
1387	1	3160
1388	2	3650
1389	2	6984
1390	1	7151
1391	2	1562
1392	2	5615
1393	2	6443
1394	2	7148
1395	3	2718
1396	2	1791
1397	2	2303
1398	2	5731
1399	1	2740
1400	2	5295
1401	2	2924
1402	2	2603
1403	2	1839
1404	2	3074
1405	2	4866
1406	2	5106
1407	3	2987
1408	3	5927
1409	3	3479
1410	2	3846
1411	3	6590
1412	2	6672
1413	3	3083
1414	2	6052
1415	2	5290
1416	3	5070
1417	2	6224
1418	2	3376
1419	2	3450
1420	2	5143
1421	2	8112
1422	1	3956
1423	3	6042
1424	2	7143
1425	3	4016
1426	3	4260
1427	2	962
1428	2	6450
1429	2	6372
1430	2	4364
1431	2	3831
1432	4	6430
1433	3	6630
1434	4	7146
1435	2	6587
1436	2	2558
1437	3	7624
1438	2	5911
1439	3	5579
1440	3	5508
1441	2	3792
1442	2	4687
1443	3	5844
1444	2	2235
1445	1	3890
1446	2	5644
1447	3	1536
1448	3	5172
1449	2	1688
1450	2	3552
1451	2	1407
1452	2	7284
1453	2	4163
1454	2	7566
1455	2	4500
1456	3	6079
1457	2	4123
1458	3	7306
1459	4	7206
1460	2	1426
1461	2	7156
1462	1	4971
1463	2	2327
1464	3	4460
1465	2	3279
1466	2	2051
1467	2	4655
1468	2	5866
1468	2	5867
1469	3	6758
1469	3	6759
1470	3	6770
1471	2	3907
1472	2	1104
1473	3	7186
1473	3	7188
1474	3	6563
1475	3	5614
1476	2	4167
1477	2	2063
1478	3	7507
1478	3	7516
1479	2	5747
1480	2	1984
1481	2	5719
1482	2	5580
1483	1	1735
1484	2	2739
1485	3	6674
1486	5	7355
1487	2	2362
1488	2	1403
1489	4	7432
1490	3	4939
1491	3	2846
1491	3	2847
1492	3	7358
1493	2	3266
1494	2	7316
1495	3	4670
1496	2	6995
1497	3	8188
1498	2	4246
1499	2	6056
1500	3	5444
1501	1	3432
1502	1	2555
1503	3	5476
1504	2	4435
1505	2	7754
1506	2	5086
1507	2	2227
1508	3	5994
1509	2	4418
1510	2	6791
1511	2	1222
1512	2	3970
1513	3	4831
1514	2	2127
1515	2	4720
1516	2	4726
1517	1	4658
1518	1	3318
1519	2	6463
1520	2	6208
1521	4	7296
1522	4	6872
1523	2	3408
1524	3	3543
1525	3	5983
1526	2	5611
1527	2	1907
1528	2	5431
1529	2	2026
1530	2	3567
1531	2	4004
1532	4	7378
1533	2	4867
1534	2	5199
1535	3	2906
1536	2	3375
1537	2	2288
1538	2	5540
1539	2	6038
1540	2	3975
1541	2	4748
1542	2	1866
1543	2	6906
1544	3	1650
1545	2	5839
1546	2	5391
1547	1	5848
1548	3	5722
1548	3	5723
1549	2	6551
1550	3	3848
1551	2	4160
1552	2	6856
1553	1	4638
1554	2	5419
1555	2	4604
1556	2	4651
1557	2	2390
1558	2	6998
1558	2	7000
1559	2	3422
1560	2	3940
1561	2	2366
1562	2	2534
1563	1	1774
1564	1	3623
1565	3	5179
1566	3	3891
1567	2	1990
1568	4	7195
1569	2	1462
1570	2	4584
1571	3	6603
1572	1	2354
1573	2	3363
1574	2	1714
1575	3	5902
1575	3	5904
1576	3	7887
1577	3	4554
1578	3	8106
1578	3	8107
1579	3	2686
1579	3	2687
1580	3	7275
1581	2	4403
1582	3	7383
1583	3	8011
1584	2	2450
1585	3	5892
1586	3	5668
1587	2	3588
1588	2	6848
1589	3	3703
1590	3	4102
1591	2	2858
1592	2	4927
1593	2	1207
1594	2	1956
1595	2	8123
1596	3	7160
1597	2	8040
1598	2	3454
1599	3	3826
1600	3	3659
1601	2	4911
1602	2	2624
1603	1	1891
1604	3	7698
1604	3	7700
1605	1	2239
1606	1	2238
1607	3	2890
1608	2	7832
1609	2	6302
1610	3	6084
1611	3	6007
1612	4	5932
1613	3	7563
1614	2	2383
1615	2	3406
1616	2	3810
1617	2	1548
1618	2	1158
1619	3	6062
1620	2	1663
1621	2	7060
1622	2	5808
1623	3	6343
1624	3	6475
1625	3	5710
1626	2	2184
1627	3	7943
1628	3	5364
1629	1	3724
1630	1	3839
1631	3	6667
1632	2	2466
1633	2	5120
1634	2	4306
1635	3	5062
1636	3	7136
1637	1	4142
1638	3	7923
1639	3	4958
1640	2	5683
1641	2	2759
1642	3	7272
1643	3	6451
1644	2	1994
1645	2	2514
1646	2	1931
1647	1	1698
1648	2	1482
1649	2	2971
1650	2	3460
1651	4	7259
1652	3	4155
1653	2	5056
1654	1	1895
1655	2	7434
1656	1	6664
1657	3	5630
1657	3	5631
1658	2	3090
1659	2	3574
1660	2	3002
1661	2	3290
1662	2	4294
1663	2	7291
1664	1	2515
1665	2	1996
1666	2	3610
1667	2	4182
1668	2	4276
1669	1	2762
1670	2	3204
1671	4	7532
1672	2	7039
1673	3	4175
1674	3	7518
1675	1	1583
1676	2	4711
1677	2	2275
1678	2	5490
1679	3	6124
1680	3	6611
1681	2	5272
1682	2	4434
1683	3	5263
1684	2	7286
1685	2	3468
1686	2	1018
1687	2	2540
1688	2	7115
1689	2	2848
1690	2	2866
1691	2	1459
1692	2	1248
1693	1	1850
1694	2	1019
1695	2	4766
1696	2	2384
1697	3	7262
1698	3	4446
1699	3	5656
1700	3	7243
1701	3	5294
1702	3	7510
1703	3	3527
1704	1	3784
1705	1	1939
1706	1	4454
1707	2	4908
1708	2	4071
1709	2	4239
1710	3	7335
1711	2	7199
1712	3	7619
1713	2	6659
1714	2	5243
1715	2	7242
1716	3	6919
1717	2	1518
1718	4	6482
1719	2	1954
1720	3	3783
1721	2	5226
1722	3	3535
1723	3	1544
1724	4	6178
1725	3	5619
1726	2	7531
1727	1	3872
1728	2	4034
1729	2	3562
1730	2	1798
1731	2	2499
1732	3	7675
1733	3	7326
1734	2	4400
1735	1	3622
1735	1	3624
1736	1	1538
1737	1	2270
1738	2	7323
1739	2	4014
1740	2	4180
1741	3	6023
1742	2	6807
1743	2	6144
1744	2	4702
1745	1	3075
1746	3	6034
1747	2	3920
1748	3	3824
1749	3	7374
1749	3	7375
1750	4	2874
1751	4	6534
1752	2	1243
1753	2	4315
1754	2	7342
1755	2	4346
1755	2	4347
1756	3	7452
1757	2	4928
1758	3	5382
1759	2	5520
1760	2	3323
1761	2	7266
1762	2	7240
1763	1	4332
1764	3	4850
1765	1	5559
1766	1	3767
1767	2	7027
1768	4	5976
1769	3	2698
1769	3	2699
1770	2	6500
1771	2	1068
1772	2	7096
1773	2	3403
1774	2	3256
1775	3	6324
1776	2	3787
1777	3	5315
1778	2	6444
1779	3	7010
1780	3	5988
1781	1	5350
1782	2	2451
1783	3	5623
1784	2	3999
1785	3	7003
1786	1	2644
1787	3	7655
1788	2	4198
1789	2	6787
1790	3	4075
1791	2	3316
1792	3	4432
1793	2	3146
1794	2	3948
1795	3	3390
1796	3	5274
1796	3	5275
1796	3	5276
1797	4	2938
1798	2	2604
1799	1	2839
1800	2	2918
1801	3	4068
1802	3	7414
1803	2	3738
1804	3	3399
1805	3	4964
1806	2	2108
1807	3	7974
1808	4	6642
1809	2	3843
1810	3	6507
1811	1	3171
1812	3	4659
1813	3	7099
1814	2	3306
1815	2	2542
1816	3	7778
1817	3	1419
1818	1	1974
1819	4	6352
1820	3	6458
1821	3	6367
1822	2	1124
1823	2	1820
1824	2	1602
1825	2	1315
1826	4	3336
1827	3	6926
1828	2	2731
1829	2	5667
1830	2	8154
1831	3	6859
1832	3	7208
1833	2	4248
1834	3	7924
1835	2	3320
1836	3	6264
1837	2	5748
1838	3	4776
1839	2	3632
1840	1	5368
1841	3	3467
1842	2	5412
1843	2	5916
1844	3	3098
1845	2	4376
1846	3	5040
1847	2	6788
1848	2	7214
1849	3	6434
1850	2	1278
1851	3	5811
1852	2	7187
1853	2	1394
1854	2	4410
1854	2	4411
1855	3	6567
1856	2	1026
1857	4	7971
1858	3	3544
1859	4	7911
1860	3	6335
1861	2	1030
1862	2	4267
1863	4	6556
1864	3	6336
1865	2	3206
1866	2	2732
1867	2	6252
1868	3	2683
1869	3	6999
1870	2	662
1871	3	6435
1872	2	5296
1873	1	3404
1874	2	4959
1875	2	1460
1876	3	6951
1877	3	7775
1878	3	5048
1879	1	2599
1880	3	4486
1881	2	2034
1882	2	1568
1883	3	5930
1884	2	758
1885	2	6888
1886	2	6454
1887	2	2351
1888	2	1567
1889	1	1563
1890	3	7446
1891	3	8186
1892	2	3799
1893	2	6952
1894	2	6134
1895	2	1484
1896	1	3947
1896	1	3976
1897	2	1386
1898	2	6930
1898	2	6931
1899	1	3755
1900	2	6044
1901	3	6462
1902	2	4227
1903	2	3842
1904	1	3898
1904	1	3899
1905	3	6706
1906	2	2928
1907	2	2546
1908	2	4495
1909	2	5136
1910	1	2036
1911	4	6911
1912	1	1476
1913	2	3064
1914	2	5639
1915	2	5743
1916	3	6626
1917	2	7130
1917	2	7132
1918	2	5663
1919	2	2023
1920	2	7126
1921	2	2798
1922	2	6647
1923	2	6219
1924	3	4924
1925	2	4100
1926	3	4690
1927	1	1863
1928	4	6771
1929	2	6003
1930	1	3754
1931	1	2431
1932	1	1916
1933	2	5638
1934	3	1500
1935	1	2919
1936	3	7366
1937	2	2260
1938	1	2359
1939	3	5827
1940	3	7848
1941	2	5882
1942	2	6594
1943	2	5242
1944	2	1515
1945	2	6591
1946	2	4295
1947	1	4320
1948	2	2130
1949	2	1351
1950	2	3419
1951	2	4842
1952	3	8026
1953	2	7135
1954	2	5972
1955	2	2102
1956	1	3034
1957	4	6327
1958	3	7928
1959	2	5664
1960	2	6716
1961	2	5676
1962	2	7219
1963	2	1892
1964	2	6427
1965	3	4240
1966	3	7051
1967	3	3710
1968	3	6572
1969	3	3635
1970	3	7330
1971	3	7874
1972	2	4704
1973	3	5650
1974	2	5903
1975	2	2650
1976	2	4028
1977	2	2348
1978	2	3935
1979	3	6294
1980	2	6110
1981	4	6683
1982	1	3858
1983	2	842
1983	2	843
1984	3	3120
1985	2	4092
1986	2	5410
1987	2	967
1988	2	7758
1989	3	4539
1990	3	5674
1991	3	3883
1992	2	4287
1993	1	4288
1994	2	5706
1995	2	3682
1996	2	4183
1997	1	4286
1998	3	7844
1999	2	5890
2000	3	7018
2001	2	5707
2002	2	2999
2003	2	6054
2004	3	2398
2005	2	1887
2006	2	1635
2007	4	7322
2008	3	7603
2009	2	8148
2010	2	2234
2011	1	1896
2012	2	3498
2013	2	5251
2014	2	7956
2015	2	5792
2016	2	2726
2017	3	4380
2018	2	3719
2019	3	3586
2020	2	2014
2021	2	2079
2022	2	4114
2023	2	3202
2024	2	2983
2025	2	2738
2026	2	4870
2027	2	4066
2028	4	7426
2029	2	5783
2030	2	3867
2031	3	4006
2032	2	7024
2033	2	2882
2034	2	1427
2035	2	5887
2036	1	2424
2037	3	6320
2038	2	7131
2039	2	860
2040	2	6640
2041	3	7019
2042	2	2815
2043	3	7418
2044	2	5014
2045	2	2019
2046	2	3564
2047	2	3679
2048	2	466
2049	2	4988
2050	1	4019
2051	2	1647
2052	2	2554
2053	2	4388
2054	1	3458
2055	2	7382
2056	3	5974
2057	3	5478
2057	3	5482
2058	2	3772
2059	2	2891
2060	2	4996
2061	2	8036
2062	3	3434
2063	3	6740
2064	1	5526
2065	2	1766
2066	2	2370
2067	2	4463
2068	1	2171
2069	2	7318
2070	3	5724
2071	3	6643
2072	2	1442
2073	2	2302
2074	3	7552
2075	3	4196
2076	3	3550
2077	3	5075
2078	1	1447
2079	2	1520
2080	3	5627
2081	2	1884
2082	2	1595
2083	2	1807
2084	2	5956
2085	3	5342
2086	3	5951
2087	2	2372
2088	3	5118
2089	3	3744
2090	2	6092
2091	3	6460
2092	2	2252
2093	2	3558
2094	3	3507
2095	2	2851
2096	2	4283
2097	2	5622
2098	4	5855
2099	2	5662
2100	1	3014
2101	3	1816
2102	3	4120
2103	3	1322
2103	3	1323
2104	2	3211
2105	2	2039
2106	3	7488
2107	3	6239
2108	2	5852
2109	2	7499
2110	2	6207
2111	2	6179
2112	2	5876
2113	2	3226
2114	2	1615
2115	2	3360
2116	2	5715
2117	2	1292
2118	2	4348
2119	2	2335
2120	2	2062
2121	2	3692
2122	2	4430
2123	2	6838
2124	2	3020
2125	4	8046
2126	2	4007
2127	2	4247
2128	2	2010
2129	2	6783
2130	2	3834
2131	2	1506
2132	3	7864
2133	2	4447
2134	2	1882
2135	2	1526
2136	3	7910
2137	2	4342
2137	2	4490
2138	2	4888
2139	2	1728
2140	1	3440
2141	2	4488
2142	2	3126
2143	2	6064
2144	2	2411
2145	1	1668
2146	2	4082
2147	3	3423
2148	3	2379
2149	3	6480
2150	3	3684
2151	1	4051
2152	2	1639
2153	1	3652
2154	3	7651
2155	2	2734
2156	3	5308
2157	3	4803
2158	3	1739
2159	2	3736
2160	2	4487
2161	1	2052
2162	3	6107
2163	2	6063
2164	3	7307
2165	2	2907
2166	1	951
2167	2	6935
2168	4	2786
2169	2	8018
2170	3	7506
2171	3	4934
2172	2	1088
2173	2	1547
2174	3	6942
2175	2	2194
2176	3	3147
2177	2	5880
2178	2	1799
2179	2	2495
2180	4	5824
2181	1	1731
2182	4	6786
2183	2	2807
2184	2	2087
2185	1	1944
2186	2	6548
2187	2	5878
2188	4	5194
2189	2	3299
2190	2	7267
2191	3	7656
2192	2	7402
2193	2	4936
2194	1	4251
2195	2	1727
2196	3	6704
2197	2	4714
2198	2	4635
2199	2	2610
2200	2	5312
2201	3	6491
2202	1	5700
2203	3	2743
2204	2	2574
2205	3	6143
2206	2	3058
2207	2	4242
2208	3	8171
2209	3	5394
2210	2	3138
2211	2	3136
2212	4	7459
2213	2	6254
2214	2	1284
2215	2	6615
2216	2	4599
2217	2	2007
2218	2	5527
2219	2	986
2219	2	987
2220	2	1643
2221	1	2099
2222	2	7031
2223	2	2714
2224	1	1651
2225	2	3758
2226	2	3084
2227	2	1534
2228	2	966
2229	2	4503
2230	1	1999
2231	2	3914
2232	2	6744
2233	3	4244
2234	2	4738
2235	3	3762
2236	3	4678
2236	3	4679
2237	3	4592
2238	1	4134
2239	2	6775
2240	2	5980
2241	2	5471
2242	2	4368
2243	3	4162
2244	3	7530
2245	3	7231
2246	1	4544
2247	3	6076
2248	2	3922
2249	2	6368
2250	3	6312
2251	1	5352
2252	2	3823
2253	4	5640
2254	3	7491
2255	2	5354
2256	2	5383
2257	2	7915
2258	3	7670
2259	3	5059
2260	2	1036
2261	3	8042
2262	2	4395
2263	3	4724
2264	2	2896
2265	2	3047
2266	2	3878
2267	2	1282
2268	3	8150
2269	2	911
2270	3	5666
2271	2	7415
2272	1	2711
2273	2	2750
2274	3	4407
2275	4	5083
2276	3	7896
2277	2	4498
2278	1	4060
2279	3	7258
2280	1	1591
2281	5	6262
2282	2	3775
2283	3	1878
2284	2	2296
2285	3	3503
2286	3	3488
2287	3	2118
2288	2	1662
2289	2	4252
2290	2	6847
2291	2	1160
2292	3	6378
2293	3	5363
2294	2	7442
2295	2	2170
2296	2	7466
2297	2	7367
2298	2	1404
2299	1	2854
2299	1	2855
2300	2	7158
2301	2	4835
2302	2	3524
2303	2	3107
2304	3	3926
2305	1	1770
2306	1	1480
2307	1	1636
2308	2	7040
2309	3	6282
2310	2	5207
2311	1	1730
2312	3	1186
2312	3	1187
2313	3	3776
2314	2	5456
2315	2	2852
2316	3	7352
2317	3	6874
2318	3	4136
2319	1	3471
2320	3	3612
2321	2	7504
2322	1	4064
2323	3	5655
2324	2	5647
2325	2	2620
2326	3	1914
2327	3	6160
2328	2	1039
2329	2	2903
2330	2	2032
2331	3	7632
2332	2	5879
2333	2	5519
2334	3	7519
2335	3	1294
2336	2	3644
2337	2	1330
2338	4	6135
2339	3	4576
2340	3	7658
2341	1	3340
2342	1	3530
2343	2	1964
2344	3	4798
2345	2	4280
2346	2	4190
2347	2	3764
2348	4	4438
2349	2	3516
2350	3	1192
2351	4	4382
2352	3	5618
2353	2	2876
2354	2	4351
2355	4	6726
2356	2	5168
2357	1	2132
2358	2	2150
2359	2	1296
2360	3	6828
2361	2	3087
2362	1	2328
2363	3	5646
2364	3	6668
2365	2	1772
2366	3	5762
2367	2	5206
2368	2	1950
2369	2	1671
2370	3	5534
2371	2	4542
2372	3	3067
2373	3	5138
2374	3	6419
2375	3	7659
2376	2	4222
2377	2	3054
2378	1	2122
2379	4	7047
2380	1	3140
2381	4	6316
2382	3	6555
2383	2	3335
2384	2	1498
2385	3	2790
2386	3	5734
2387	2	3611
2388	3	6723
2389	2	1435
2390	2	3294
2391	2	4852
2392	2	3942
2393	3	7678
2394	2	2142
2394	2	2144
2395	2	8035
2396	2	6635
2397	3	4578
2398	4	7411
2399	1	3571
2400	3	946
2401	4	6347
2402	3	7907
2403	3	6298
2404	3	3112
2405	2	2038
2406	3	7811
2407	1	2454
2408	3	6376
2409	2	2188
2410	1	1686
2411	2	1908
2412	2	1744
2413	2	996
2414	4	6884
2415	3	2935
2416	3	7458
2417	2	8066
2418	3	6394
2419	2	1240
2420	3	7222
2421	2	1855
2422	2	2912
2423	3	6547
2424	4	4552
2425	3	7568
2426	2	1502
2427	2	1095
2428	2	2295
2429	2	3348
2430	3	7266
2431	2	1107
2432	1	3563
2433	1	1392
2434	4	5987
2435	1	2716
2436	3	4132
2437	3	5934
2438	2	2619
2439	2	1702
2440	2	2318
2441	2	1371
2442	3	5635
2443	2	4916
2444	2	7522
2445	1	2416
2446	2	5730
2447	2	3150
2448	2	5812
2449	3	5820
2450	2	4056
2451	2	4138
2452	3	4154
2453	2	2984
2454	3	2664
2455	3	6820
2456	2	3174
2457	3	6359
2458	1	4378
2459	3	4851
2460	2	2356
2461	2	3286
2462	3	6058
2463	2	3062
2464	2	630
2464	2	631
2465	4	6896
2466	2	7215
2467	1	2648
2468	3	3284
2469	3	4923
2470	3	6259
2471	2	4838
2472	2	3307
2473	2	3155
2474	3	7818
2475	2	823
2476	3	6243
2477	2	3170
2478	2	4122
2479	2	6440
2480	3	4799
2481	3	2991
2482	3	7666
2483	2	2840
2484	2	5227
2485	3	2803
2486	3	7618
2487	1	1806
2488	2	4143
2489	2	5080
2490	2	1803
2491	5	5963
2492	3	3583
2493	2	2164
2494	3	3903
2495	2	2900
2496	3	4375
2497	2	6886
2498	1	4515
2499	2	1478
2500	3	2850
2501	1	1815
2502	2	5370
2503	2	2580
2504	3	5767
2505	2	3599
2506	2	5420
2507	2	4872
2508	2	5411
2509	2	4662
2510	2	4786
2511	3	5720
2512	2	5856
2513	3	3362
2514	2	3716
2515	2	4011
2516	3	7751
2517	1	3148
2518	2	5260
2519	1	5347
2520	2	2908
2521	1	3295
2522	1	2438
2523	1	3215
2524	3	5434
2525	2	3218
2526	3	4591
2527	3	6890
2528	3	6980
2529	3	7515
2530	4	5628
2531	2	1802
2532	3	6814
2533	1	1083
2534	2	1006
2535	3	3151
2536	3	8190
2537	1	3115
2538	3	5895
2539	2	1390
2540	3	5380
2541	2	1467
2542	1	2172
2543	2	4759
2544	2	3003
2545	2	1448
2546	3	8294
2547	3	6183
2548	2	3395
2549	3	4067
2550	2	3472
2551	3	6690
2552	2	1080
2553	2	2598
2554	2	1488
2555	4	5072
2556	2	2512
2557	2	3863
2558	2	2970
2559	2	4666
2560	3	5860
2561	2	1214
2562	1	2268
2563	1	2527
2564	3	7290
2565	2	603
2566	1	2191
2567	2	1387
2568	3	2322
2569	3	5739
2570	2	2418
2571	2	5074
2572	2	2299
2573	2	1064
2574	3	7630
2575	3	7783
2576	2	4107
2577	2	6483
2578	2	8134
2579	2	5870
2580	3	7400
2581	1	3431
2582	2	2230
2583	2	1554
2584	3	6276
2585	3	7398
2586	2	2536
2587	2	1666
2588	1	2391
2589	3	6571
2590	2	5575
2591	2	3835
2592	3	5210
2593	1	1831
2594	3	7055
2595	2	4794
2596	2	2772
2597	2	3884
2598	2	1071
2599	2	2827
2600	2	2290
2601	2	6279
2602	1	3614
2603	1	4406
2604	2	3412
2605	2	3116
2606	4	7816
2607	2	7058
2608	3	6370
2609	2	3688
2610	2	5262
2611	3	5691
2612	3	7766
2613	2	4226
2614	3	5548
2615	2	743
2616	1	3124
2617	2	7543
2618	1	2358
2618	1	2360
2619	1	7176
2620	2	3882
2621	3	5708
2622	2	2944
2623	2	2764
2624	2	3411
2625	3	8146
2626	2	5714
2627	3	3296
2628	3	4555
2629	2	5219
2630	2	3994
2631	2	2782
2632	4	3735
2633	1	1776
2634	2	4274
2635	2	2427
2636	2	3415
2637	2	5538
2638	3	5692
2639	3	5058
2640	2	6948
2641	2	3224
2642	2	3964
2643	4	6840
2644	3	6184
2645	2	1915
2646	3	4507
2647	3	3670
2648	1	4111
2649	1	1856
2650	2	1119
2651	4	3778
2652	3	2922
2653	2	976
2654	2	3200
2655	2	3979
2656	2	3082
2657	1	3428
2658	2	4795
2659	1	3291
2660	2	4564
2661	2	1844
2662	2	5906
2663	1	3303
2664	3	7070
2665	3	7288
2666	2	1906
2667	2	5576
2668	2	4575
2669	2	956
2670	2	5587
2671	2	1900
2672	3	2175
2673	4	5231
2674	3	7080
2675	3	5458
2676	3	3059
2677	2	3071
2678	2	3740
2679	2	2388
2680	2	1678
2681	2	2162
2682	2	5711
2683	1	3694
2683	1	3695
2684	2	4228
2685	2	1710
2686	2	5834
2687	2	2584
2688	3	5331
2689	3	5859
2689	3	6600
2690	3	3862
2691	1	1796
2692	2	1494
2693	3	5096
2694	2	3443
2695	3	7416
2696	2	2031
2697	3	1318
2698	2	1624
2699	2	4534
2700	2	2831
2701	3	6692
2702	3	4010
2703	3	4836
2704	2	3166
2705	2	3023
2706	3	5682
2707	3	7270
2708	1	2446
2709	2	2151
2710	3	2522
2711	2	3274
2712	3	4710
2713	2	6639
2714	1	1847
2715	2	2226
2716	2	5038
2717	3	6610
2718	1	1360
2719	3	3239
2720	2	3796
2721	2	8004
2722	4	5560
2723	1	2735
2724	2	4904
2725	2	2415
2725	2	6162
2726	3	2364
2727	1	1871
2728	2	1043
2729	2	5454
2730	2	3198
2731	2	3234
2732	2	4371
2733	2	4823
2734	3	8074
2735	2	1366
2736	3	6912
2737	4	4878
2738	1	1811
2739	2	1171
2740	3	4444
2741	2	5942
2742	2	2002
2743	1	5395
2744	2	4055
2745	3	2251
2746	2	1458
2747	3	5250
2748	3	5335
2749	3	7538
2750	2	3378
2751	2	6364
2752	3	2996
2753	3	3978
2754	2	1370
2755	3	4094
2756	3	7463
2757	3	6871
2757	3	6887
2758	1	4990
2759	2	5155
2760	1	1987
2761	3	814
2762	3	7443
2763	3	4343
2764	1	5572
2765	3	7430
2766	1	6098
2767	1	1966
2767	1	1967
2768	2	2547
2769	2	1032
2770	2	3798
2771	2	574
2771	2	575
2772	2	5468
2773	2	1604
2774	2	3746
2775	2	6486
2776	1	2988
2777	2	5372
2778	3	7427
2779	1	2612
2780	2	2947
2781	1	3223
2782	2	1066
2783	1	1040
2784	3	7704
2785	3	7746
2786	3	6048
2787	2	4298
2788	2	1139
2789	2	3072
2790	2	3242
2791	2	2895
2792	1	1424
2793	3	1854
2794	3	3275
2795	3	1022
2795	3	1023
2796	2	3727
2797	2	4084
2798	2	5543
2799	2	6784
2800	1	902
2801	2	776
2802	3	7894
2803	2	3631
2804	2	2747
2805	3	5436
2806	3	7528
2807	2	7034
2807	2	7036
2808	3	6272
2809	2	5999
2810	3	4402
2811	3	2939
2812	2	1594
2813	4	8210
2813	4	8211
2814	2	963
2815	2	2095
2816	3	7076
2817	2	6146
2818	2	3968
2819	3	5959
2820	2	3887
2821	3	3015
2822	2	7183
2823	2	2494
2824	3	5218
2825	2	1326
2826	4	7250
2827	4	7328
2828	2	1724
2829	2	4456
2830	2	2992
2831	2	1919
2832	4	8128
2833	2	4355
2834	2	1718
2834	2	1720
2835	2	1627
2836	3	6202
2837	3	2479
2838	2	5283
2839	4	6698
2840	2	4775
2841	2	6839
2842	2	3619
2843	2	6652
2844	1	2763
2845	2	1606
2846	3	8300
2847	3	5208
2848	3	4374
2849	2	2496
2850	1	2428
2851	4	7526
2852	2	2780
2853	4	7980
2854	3	7174
2855	3	7102
2856	2	1946
2857	2	1622
2858	2	3655
2859	2	4360
2860	3	7926
2861	3	6416
2862	2	1767
2863	3	4199
2864	3	7784
2865	3	5607
2866	2	5259
2867	1	2952
2868	1	4442
2869	4	6210
2870	2	504
2871	4	8155
2872	1	1903
2873	1	1936
2874	4	7898
2875	2	3184
2876	3	2643
2877	1	2615
2878	2	3416
2879	3	2092
2880	3	5954
2881	2	2746
2882	3	7090
2883	2	4443
2884	3	7190
2885	2	2399
2886	3	3800
2887	2	2658
2888	3	3359
2889	3	4074
2890	3	867
2891	3	3222
2892	2	6487
2893	4	5850
2894	4	8152
2895	2	6067
2896	1	1948
2897	2	5266
2898	3	5998
2899	1	3387
2900	1	2587
2901	2	1275
2902	2	6827
2903	3	7456
2904	2	4744
2905	3	5460
2906	4	7586
2907	2	1268
2908	1	2264
2909	2	5791
2910	2	5299
2911	2	5152
2912	2	1303
2913	1	4451
2914	3	4746
2915	2	5939
2916	2	5600
2917	2	1280
2918	3	7872
2919	3	4960
2920	3	6258
2921	3	4115
2922	2	4147
2923	3	8028
2924	3	5624
2925	2	3339
2926	3	7462
2927	2	5595
2928	2	2240
2929	1	1818
2930	2	1810
2931	1	2423
2932	3	6978
2933	3	2723
2934	2	5015
2935	3	7315
2936	4	7207
2937	2	6715
2938	3	5252
2939	3	1995
2940	2	1472
2941	2	3427
2942	2	2247
2943	2	3182
2944	3	4474
2945	2	3438
2946	3	6231
2947	3	5875
2948	1	5050
2949	3	4156
2950	2	2910
2951	3	7499
2952	2	4528
2953	1	3578
2954	1	5030
2955	4	5806
2956	2	1436
2957	2	2006
2958	1	2216
2959	2	5324
2960	2	4184
2961	3	4047
2962	1	1734
2963	2	3844
2964	2	570
2965	3	6530
2966	3	1271
2967	3	7310
2968	1	2018
2969	1	1972
2970	2	1740
2971	1	4820
2972	2	3626
2973	3	7742
2974	2	6714
2975	3	5087
2976	2	3078
2977	2	1955
2978	1	2570
2979	2	5400
2980	2	2535
2981	3	990
2981	3	992
2982	2	1236
2983	2	4644
2984	2	1832
2985	1	4995
2986	2	2552
2987	3	3254
2988	2	2936
2989	2	2834
2990	3	2748
2991	3	2720
2992	2	2962
2993	2	2784
2994	4	8038
2995	1	2024
2996	4	8104
2997	1	1823
2998	2	2163
2999	2	2054
3000	2	3518
3001	2	1302
3002	1	3027
3003	3	1628
3004	2	5214
3005	2	1874
3006	2	2035
3007	1	3258
3008	3	7739
3009	2	1474
3010	2	3708
3011	3	4146
3012	1	1852
3013	2	3718
3014	1	3515
3015	2	1687
3016	1	2824
3017	2	7623
3018	3	5402
3019	3	5267
3020	2	2043
3021	2	1918
3022	2	3288
3023	2	2046
3024	2	2400
3025	1	4166
3026	3	6206
3027	2	6734
3028	1	3992
3029	2	1787
3030	3	2652
3031	3	666
3032	2	5114
3033	3	8126
3034	4	4767
3035	2	4632
3036	2	6411
3037	2	4602
3038	1	2394
3039	2	1722
3040	3	1154
3040	3	1155
3041	2	3178
3042	1	2011
3043	2	2462
3044	3	4366
3045	3	7068
3046	1	2524
3047	1	3255
3048	3	2950
3049	2	1834
3050	2	1028
3051	3	4572
3052	2	5608
3053	2	3463
3054	1	1355
3055	2	3114
3056	1	3435
3057	1	2579
3058	2	3747
3059	2	6130
3060	3	5746
3061	2	774
3062	2	4608
3063	2	730
3064	3	5132
3065	3	6499
3066	1	3815
3067	1	3351
3068	3	2802
3069	2	3512
3070	1	4152
3071	3	2519
3072	3	1295
3073	3	6432
3074	4	7955
3075	2	7602
3076	3	3152
3077	3	5578
3078	3	1430
3079	2	2884
3080	3	7535
3081	3	1086
3082	2	3648
3083	2	1466
3084	2	2760
3085	2	6080
3086	3	4172
3087	3	3391
3088	2	940
3089	2	4571
3090	3	7050
3091	3	7804
3092	2	1127
3093	1	1928
3094	2	1848
3095	3	6671
3096	4	2440
3097	1	4431
3098	2	5632
3099	1	1759
3100	2	918
3101	1	3760
3102	2	4731
3103	2	1631
3104	2	2635
3105	2	3354
3106	2	7227
3107	3	5884
3108	1	2779
3109	2	84
3110	1	1522
3111	2	3971
3112	2	6355
3113	3	4782
3114	2	1332
3115	4	8023
3116	4	3640
3117	2	3590
3118	2	2566
3119	1	3856
3120	4	4806
3121	2	1570
3122	3	1418
3123	1	4547
3124	2	2187
3125	3	5196
3126	2	3675
3127	1	3099
3128	1	4208
3129	4	6727
3130	3	4126
3131	2	1120
3132	3	7779
3133	3	522
3134	1	3570
3135	1	3594
3136	2	5382
3137	2	3246
3138	3	7571
3139	1	2008
3140	2	2471
3141	4	5968
3142	3	6748
3143	2	4119
3144	3	4899
3145	2	1162
3146	1	3214
3147	3	515
3148	2	2248
3149	1	2232
3150	2	2787
3151	2	1819
3152	2	5984
3153	2	5203
3154	2	1483
3155	3	1312
3156	2	2799
3157	1	1876
3158	3	5883
3159	3	5732
3160	1	4900
3161	3	7918
3162	3	5510
3163	1	1434
3164	2	2518
3165	2	5751
3166	4	2500
3167	3	5292
3168	1	2926
3169	2	4038
3170	2	5991
3171	3	4624
3172	3	5287
3173	1	2068
3174	1	3814
3175	3	4780
3176	3	3698
3176	3	3700
3177	2	1492
3178	1	1346
3179	2	2242
3180	2	1644
3181	2	692
3182	2	1588
3183	3	4319
3184	1	4892
3185	1	4096
3186	1	2378
3187	1	2792
3188	2	3766
3189	2	3272
3190	3	3499
3191	2	2074
3192	4	2724
3193	3	3887
3194	3	3030
3195	2	1552
3196	1	3647
3197	1	5192
3198	3	5488
3199	3	5415
3200	1	1930
3201	3	5764
3202	1	1899
3203	2	1940
3204	3	4303
3205	1	1700
3206	2	4195
3207	1	6126
3208	1	1514
3209	2	1676
3210	2	982
3211	2	8174
3212	1	2595
3213	4	8071
3214	2	3900
3215	3	5995
3216	3	1608
3217	2	1751
3218	1	3916
3219	2	7180
3220	2	5504
3221	2	994
3222	1	2166
3223	2	4914
3224	2	1378
3225	2	2666
3226	3	2755
3227	3	7026
3228	1	3628
3229	1	2667
3230	1	3436
3231	4	7611
3232	2	2568
3233	3	107
3234	2	3583
3235	1	1712
3236	1	6962
3236	1	6963
3237	1	3928
3238	2	1942
3239	3	1616
3240	1	7511
3241	3	1920
3242	3	3702
3243	3	2823
3244	1	1694
3245	3	2259
3246	3	4266
3247	3	7500
3248	2	5688
3249	2	5914
3250	1	2380
3251	2	6560
3252	1	1680
3253	2	3191
3254	2	3587
3255	1	4018
3256	2	2176
3257	2	4983
3258	2	847
3259	3	4827
3260	1	3726
3261	3	7370
3262	2	2960
3263	1	2064
3264	2	3056
3265	1	1440
3266	3	5339
3267	1	2159
3268	2	6492
3269	1	1924
3270	2	1328
3271	2	2966
3272	2	5472
3273	3	7216
3274	1	3079
3275	4	5386
3276	3	7782
3277	2	1090
3278	3	1870
3279	3	492
3280	3	8048
3281	3	6403
3282	1	4396
3283	2	1703
3284	2	1338
3285	3	3184
3286	2	2776
3287	2	5499
3288	2	6762
3289	3	5556
3290	2	1250
3291	3	7364
3292	3	3674
3293	3	5466
3294	3	7888
3295	2	2050
3296	2	3259
3297	3	7072
3298	1	2246
3299	1	2674
3300	3	6878
3301	3	5154
3302	3	2778
3303	3	4556
3304	1	2030
3305	3	220
3306	1	3487
3307	2	883
3308	1	1298
3309	2	6059
3310	2	8063
3311	2	2663
3312	2	3424
3313	3	7776
3314	2	5076
3315	3	5658
3316	2	2812
3317	3	1932
3318	3	6742
3319	2	1715
3320	2	1159
3321	3	2656
3322	2	2752
3323	1	3276
3324	1	3620
3325	2	658
3326	2	666
3327	2	2183
3328	2	783
3329	1	4966
3330	1	2444
3331	3	6996
3332	1	2071
3333	3	5562
3334	2	1986
3335	2	7018
3336	1	2804
3337	2	155
3338	2	1136
3339	1	3102
3340	2	3263
3341	2	2443
3342	3	4723
3343	2	5952
3344	4	8096
3345	2	3936
3346	1	2160
3347	3	5810
3348	1	2040
3349	3	4991
3350	3	6476
3351	2	1012
3352	2	4390
3353	1	5483
3354	3	2250
3355	1	2143
3356	2	2572
3357	2	1070
3358	2	2528
3359	2	1775
3360	2	1106
3361	1	2695
3362	2	1902
3363	2	3676
3364	2	2155
3365	3	979
3366	1	871
3367	2	6232
3368	3	5464
3369	1	4290
3370	2	2702
3371	2	428
3372	1	2754
3373	2	5811
3374	1	2455
3375	2	7626
3376	2	1374
3377	1	3210
3378	3	1600
3379	2	4299
3380	1	3010
3381	1	3022
3382	2	6223
3383	1	5528
3384	3	7682
3385	3	4707
3386	2	1667
3387	3	3216
3388	2	3203
3389	2	3730
3390	4	8196
3391	3	5360
3392	2	7118
3393	3	7063
3394	1	2459
3395	1	2371
3396	1	1464
3397	3	7951
3398	1	1922
3399	1	2340
3400	1	1771
3401	2	3790
3402	2	2868
3403	2	4027
3404	1	6011
3405	3	3972
3406	3	4935
3407	2	1246
3408	4	7999
3409	2	667
3410	1	2607
3411	1	2192
3412	2	3888
3413	3	6028
3414	1	1998
3415	2	5178
3416	2	882
3417	2	4091
3418	1	4220
3419	2	6662
3420	3	6967
3421	3	2182
3422	3	8020
3423	2	2284
3424	3	6991
3425	5	7035
3426	2	1450
3427	2	1098
3428	2	1224
3429	1	5588
3430	2	8108
3431	3	6568
3432	2	4307
3433	2	1372
3434	2	4370
3435	1	2294
3436	1	2618
3437	1	1524
3438	3	7494
3439	1	1743
3440	2	58
3441	2	855
3442	2	5304
3443	3	7486
3444	3	6831
3445	3	479
3446	2	2796
3447	2	2975
3448	1	3018
3449	2	2012
3450	3	7226
3451	3	7391
3452	2	5202
3453	1	2131
3454	3	7254
3455	3	352
3456	4	4943
3457	1	2647
3458	2	7591
3459	1	5912
3460	2	3638
3461	1	1350
3462	1	2070
3463	2	3119
3464	3	8222
3465	4	6043
3466	3	2228
3467	3	7554
3468	2	4408
3469	2	4614
3470	3	6616
3471	2	1475
3472	1	2382
3473	3	7995
3474	2	1251
3475	3	6612
3476	2	5023
3477	2	6150
3478	3	2768
3479	1	3278
3480	3	1226
3481	3	160
3482	4	7467
3483	2	3026
3484	2	3514
3485	2	6031
3486	2	1123
3487	3	6944
3488	2	8315
3489	2	2422
3489	2	2972
3490	2	564
3491	1	1620
3492	2	3426
3493	3	1327
3494	2	2447
3495	3	8275
3496	4	6474
3497	2	7870
3498	4	6678
3499	2	1540
3500	3	7622
3501	3	383
3502	2	419
3503	1	2352
3504	1	3575
3505	1	5084
3506	1	3923
3507	3	4015
3508	3	4719
3509	1	1880
3510	2	5094
3511	1	2490
3512	1	1959
3513	1	2968
3514	2	4238
3515	2	3176
3516	1	1979
3517	2	1422
3518	1	2816
3519	3	7032
3520	2	3407
3521	1	2434
3521	1	2435
3522	4	3840
3523	1	5418
3524	3	7991
3525	2	2583
3526	1	3603
3527	1	5247
3528	2	3394
3529	2	431
3530	3	6278
3530	3	6280
3531	1	1487
3532	4	6866
3533	1	2832
3534	2	820
3535	1	1867
3536	3	8220
3537	1	3712
3538	2	3866
3539	3	4967
3540	1	3980
3541	1	2287
3542	3	540
3543	3	4327
3544	3	1179
3545	1	4484
3546	1	2715
3547	2	1556
3548	4	3902
3549	3	7747
3550	2	2140
3551	2	562
3552	2	3794
3553	2	546
3554	2	1182
3555	4	8008
3556	1	2578
3557	3	1978
3558	4	6990
3559	2	3083
3560	2	5232
3561	2	7592
3562	3	5003
3563	1	5155
3564	3	6334
3565	3	7916
3566	3	3358
3567	3	7410
3568	1	2902
3569	2	7167
3570	1	1840
3571	3	5766
3572	3	5583
3573	4	6958
3574	1	3478
3575	3	920
3576	2	1208
3577	3	1788
3578	3	412
3579	2	2000
3580	2	1559
3581	2	7120
3582	1	2146
3583	3	5160
3584	2	6494
3585	4	5007
3586	3	2632
3587	2	3854
3588	2	1504
3589	3	252
3590	4	5654
3591	1	6148
3592	3	3787
3593	3	7610
3594	3	2783
3595	3	6472
3596	2	7643
3597	2	2286
3598	3	4998
3598	3	4999
3599	3	4030
3600	2	6356
3601	2	670
3602	1	4648
3603	2	2072
3604	3	5530
3605	3	2510
3606	3	2712
3607	3	6583
3608	1	3851
3609	1	3779
3610	3	322
3611	2	6395
3612	2	3618
3613	2	2387
3614	3	3491
3615	1	1334
3616	1	2995
3617	3	6752
3618	2	5935
3619	3	534
3620	2	1132
3621	3	8247
3622	3	980
3623	3	8363
3624	6	7295
3625	1	2640
3626	1	2308
3627	2	6147
3628	2	2334
3629	2	322
3630	1	3175
3631	1	4367
3632	3	7863
3633	4	5379
3634	3	1130
3635	1	4812
3636	1	1742
3637	3	3786
3638	2	8244
3639	3	6374
3640	4	8102
3641	1	2244
3642	2	1167
3643	2	8362
3644	3	2583
3645	1	6358
3646	4	4475
3647	1	3430
3648	5	6114
3648	5	6115
3649	2	2320
3650	2	1252
3651	1	8322
3651	1	8323
3652	1	2678
3653	2	1128
3654	2	387
3655	4	4956
3656	2	6360
3657	2	2292
3658	1	5166
3659	1	2728
3660	2	1646
3661	3	6722
3662	2	8224
3663	1	3470
3664	2	4083
3665	3	3523
3666	4	7482
3667	3	1642
3668	3	959
3669	1	2875
3670	3	476
3671	2	1335
3672	4	7660
3673	2	482
3674	4	6402
3675	3	708
3676	3	6366
3677	2	5474
3678	2	5092
3679	2	2067
3680	2	1726
3681	4	7086
3682	2	5830
3683	3	7642
3684	3	7828
3685	2	7338
3686	3	5696
3687	2	4187
3688	3	2468
3689	3	4882
3690	2	490
3691	1	1586
3692	1	4135
3693	4	7300
3694	1	3386
3695	5	7932
3696	2	3967
3697	3	1894
3698	1	3208
3699	3	2215
3700	2	3396
3701	1	3352
3702	3	7408
3703	1	1732
3704	3	4062
3705	3	7822
3706	3	6562
3707	2	2551
3708	1	1792
3709	1	1496
3710	1	1800
3711	4	3904
3712	3	2915
3713	1	3186
3714	1	4151
3715	3	6134
3716	1	998
3717	2	2178
3718	1	2298
3719	1	7359
3720	2	3871
3721	2	7079
3722	2	1788
3723	2	2332
3724	4	5082
3725	1	4259
3726	2	1711
3727	1	4215
3728	3	6068
3729	2	8207
3730	2	1872
3731	2	7343
3732	2	5224
3733	2	4718
3734	1	2990
3735	3	1288
3736	1	1656
3737	2	690
3738	2	780
3739	3	4315
3740	1	2386
3741	2	1439
3742	3	888
3743	2	1291
3744	3	7895
3745	2	242
3746	1	3243
3747	4	8079
3748	2	2414
3749	3	3240
3750	3	302
3751	3	8055
3752	3	272
3753	3	1578
3754	3	2419
3755	4	6120
3756	3	1962
3756	3	1963
3757	3	1412
3758	2	5940
3759	4	7879
3760	3	5484
3761	3	4358
3762	2	5798
3763	2	514
3764	3	8244
3765	1	1468
3766	2	1082
3767	3	7927
3768	2	7816
3769	2	1011
3770	4	7599
3771	3	242
3772	1	8247
3773	2	6622
3774	2	2128
3775	1	2220
3776	4	5744
3777	3	6423
3778	2	5439
3779	1	4471
3780	2	1575
3781	2	1266
3782	3	7292
3783	1	3528
3784	4	8170
3785	1	800
3786	4	8082
3787	3	7450
3788	3	7038
3789	3	5310
3790	2	3066
3791	2	1230
3792	1	1683
3793	3	1075
3794	3	1387
3795	2	1142
3796	3	55
3797	2	5182
3798	3	699
3799	2	5211
3800	2	7982
3801	3	7171
3802	3	474
3803	2	872
3804	3	7503
3805	4	8039
3806	2	86
3807	2	1926
3808	2	1572
3809	1	2628
3810	3	762
3811	3	2374
3812	1	4770
3813	2	958
3814	4	7954
3815	1	4535
3816	3	310
3817	3	5422
3818	2	1516
3819	1	707
3820	2	3038
3821	3	320
3822	3	500
3823	3	8364
3824	3	424
3825	2	3602
3826	3	602
3827	2	5684
3828	4	5938
3829	1	3132
3830	3	4448
3831	2	766
3832	3	6155
3833	2	4980
3834	3	6895
3835	2	5716
3836	1	3095
3837	2	4931
3838	4	7880
3839	2	4356
3840	1	1640
3841	3	4583
3842	2	4318
3843	1	2655
3844	2	1368
3845	3	8014
3846	1	3582
3847	1	6779
3848	2	1254
3849	1	4918
3849	1	4919
3850	2	3220
3851	3	8166
3852	3	5135
3853	2	1152
3854	2	1234
3855	4	7030
3856	3	736
3857	1	2210
3858	2	770
3859	2	1491
3860	1	3108
3861	2	4742
3862	2	2436
3863	3	6879
3864	1	687
3865	3	6446
3866	2	1379
3867	3	326
3868	4	2478
3869	2	1432
3870	3	6283
3871	2	4590
3872	1	1618
3873	1	8164
3874	2	470
3875	2	2871
3876	1	3598
3877	3	1059
3877	3	1060
3878	2	611
3879	1	4546
3880	4	4708
3881	1	806
3882	1	7748
3883	1	2084
3884	2	8091
3885	3	7767
3886	3	5319
3887	3	312
3888	3	468
3889	3	172
3890	1	3608
3891	1	2727
3892	3	314
3893	1	5043
3894	4	7371
3895	1	3016
3896	4	8078
3897	1	4992
3898	3	1632
3899	2	679
3900	2	1886
3901	3	7202
3902	3	4170
3903	3	3162
3904	3	1184
3905	3	7600
3906	3	8139
3907	3	8251
3908	3	184
3909	2	792
3910	2	2212
3911	3	2396
3912	3	5754
3913	1	1976
3914	3	4972
3915	1	2894
3916	2	7807
3917	3	1531
3918	2	6303
3919	1	3492
3920	2	1260
3921	2	2312
3922	1	7235
3923	2	756
3924	2	8312
3925	2	1402
3926	2	2767
3926	2	2916
3927	2	5491
3928	1	3931
3929	3	768
3930	2	2115
3931	2	1111
3932	3	7960
3933	2	1356
3934	2	6636
3935	1	1659
3936	3	588
3937	3	335
3938	3	4898
3939	3	6970
3940	3	6972
3941	4	6584
3942	3	7464
3943	2	339
3944	3	6790
3945	2	942
3946	2	984
3947	5	7248
3948	1	6212
3949	2	6556
3950	1	816
3951	2	4660
3952	3	3199
3953	1	3958
3954	3	8351
3955	2	1024
3956	1	1510
3957	3	8167
3958	3	6270
3959	2	3500
3960	2	639
3961	1	2594
3962	4	8358
3963	4	3466
3964	2	342
3965	3	4282
3966	3	4179
3967	3	7596
3968	2	1782
3969	1	3576
3970	1	2668
3971	2	3055
3972	3	5516
3973	2	511
3974	2	995
3975	3	1983
3976	2	1864
3977	3	578
3978	2	8340
3979	3	46
3980	2	778
3981	1	2487
3982	2	4735
3983	3	2482
3984	3	7696
3985	1	1958
3986	3	2550
3987	1	2472
3988	3	3091
3989	4	6508
3990	3	3304
3991	2	7912
3992	2	1320
3993	2	7972
3994	1	5856
3995	2	5923
3996	1	2676
3997	3	5686
3998	3	6000
3999	1	3327
4000	2	1091
4001	2	3127
4002	1	1675
4003	3	7972
4004	3	7544
4005	3	4008
4006	2	8227
4007	1	2096
4008	3	7942
4009	1	3804
4010	3	7812
4011	4	7760
4012	3	1111
4013	3	8263
4014	4	5752
4015	1	7588
4016	3	938
4017	1	2467
4018	2	1696
4019	3	3986
4020	4	3763
4021	1	6275
4022	1	4275
4023	1	3732
4024	3	39
4025	1	2596
4026	2	694
4027	3	5539
4028	1	1748
4029	2	884
4030	1	5790
4031	3	8083
4032	4	6707
4033	1	3554
4034	4	4695
4035	4	6247
4036	2	846
4037	3	964
4038	2	5671
4039	1	6228
4040	2	675
4041	3	3019
4042	3	4872
4043	3	8118
4044	3	852
4045	2	863
4046	1	2756
4047	1	5095
4048	2	4912
4049	3	619
4050	3	404
4051	1	6387
4052	2	5340
4053	1	1860
4054	1	5212
4055	1	3667
4056	2	3172
4057	3	63
4058	3	4452
4059	4	5022
4060	3	3772
4061	2	755
4062	2	8366
4063	2	5894
4064	2	2642
4065	3	7094
4066	3	338
4067	2	674
4068	2	1380
4069	1	6888
4070	4	7339
4071	2	2430
4072	2	410
4073	2	8114
4074	1	1175
4075	3	551
4076	3	7539
4077	3	812
4078	3	4699
4079	3	240
4080	2	1034
4081	1	4379
4082	1	6311
4083	4	8003
4084	2	8324
4085	1	2484
4086	3	4492
4087	5	6566
4088	2	3547
4089	4	6083
4089	4	7082
4090	4	6310
4091	3	2267
4092	1	8230
4093	2	2631
4094	1	5144
4095	3	512
4096	2	8350
4097	1	1716
4098	2	2548
4099	2	434
4100	2	782
4101	2	1156
4102	2	438
4103	4	2844
4104	1	6692
4105	1	4848
4106	2	686
4107	3	960
4108	2	2126
4109	1	6928
4110	3	347
4111	2	2559
4112	2	1035
4113	1	3447
4114	2	3330
4115	3	8052
4116	1	2638
4117	1	1206
4118	3	3915
4119	1	2124
4120	1	8140
4121	3	5392
4122	3	7764
4123	3	1864
4124	3	374
4125	3	3242
4126	3	60
4127	3	2280
4128	1	3756
4129	3	212
4130	2	3187
4131	2	6315
4132	1	6211
4133	2	3328
4134	2	2152
4135	3	3104
4136	2	5554
4137	2	174
4138	3	7824
4139	3	1174
4140	2	8286
4141	2	1314
4142	1	3988
4143	1	4482
4143	1	4483
4144	2	5116
4145	2	483
4146	3	587
4147	1	1763
4148	2	1340
4149	3	7938
4150	1	2214
4151	3	435
4152	3	28
4153	1	4171
4154	3	6848
4155	3	1218
4156	3	8262
4157	3	6971
4158	2	1279
4159	2	711
4160	2	1311
4161	1	2956
4162	1	2600
4163	3	155
4164	3	1868
4165	2	4722
4166	2	7006
4167	2	955
4168	3	752
4169	2	5562
4170	1	1539
4171	3	7979
4172	3	6755
4173	2	152
4174	3	7634
4175	2	536
4176	2	1306
4177	4	7683
4178	2	5820
4179	4	8006
4180	3	7694
4181	1	6504
4182	1	3606
4183	2	1660
4184	1	7827
4185	3	3052
4186	3	1004
4187	4	5736
4188	1	4791
4189	3	3971
4190	4	6075
4191	2	2520
4192	2	423
4193	3	482
4194	3	176
4195	4	3646
4196	3	6800
4197	1	2307
4198	2	876
4199	2	2310
4200	4	6015
4201	2	3459
4202	2	788
4203	1	1099
4204	3	403
4205	3	6720
4206	2	4052
4207	2	2367
4208	1	3946
4209	3	8268
4210	2	2859
4211	2	1235
4212	2	592
4213	2	2104
4214	2	4256
4215	2	63
4216	2	5606
4217	2	1031
4218	2	3522
4219	2	494
4220	3	988
4221	2	7902
4222	3	4186
4223	3	1010
4224	3	475
4225	4	4954
4226	3	6730
4227	2	42
4228	3	26
4229	3	2058
4230	4	7831
4231	3	862
4232	2	8264
4233	3	111
4234	1	4304
4235	2	4743
4236	2	923
4237	1	5344
4238	3	5698
4239	1	5847
4240	1	5450
4241	1	2758
4242	4	1859
4243	1	3452
4244	3	2331
4245	2	2111
4246	4	6656
4247	3	4278
4248	3	640
4249	2	2788
4250	1	4950
4251	2	4211
4252	3	156
4253	1	1232
4254	1	2616
4255	1	6123
4256	2	5555
4257	2	659
4258	2	1143
4259	3	5498
4260	1	5032
4261	2	1087
4262	2	3774
4263	1	3338
4264	3	8168
4265	2	7015
4266	2	794
4267	2	1471
4268	3	8012
4269	4	1564
4270	2	3248
4271	2	6831
4272	2	1755
4273	1	4667
4274	3	1951
4275	1	1406
4276	2	8256
4277	1	2319
4278	1	3179
4279	3	7268
4280	1	6414
4281	3	391
4282	4	7891
4283	2	4311
4284	1	4419
4285	1	5088
4286	2	540
4287	2	3819
4288	1	6695
4289	3	4944
4290	2	1655
4291	3	3672
4292	1	1883
4293	2	444
4294	3	56
4295	1	4392
4296	3	410
4297	1	4336
4298	3	4236
4299	3	4311
4300	2	2347
4301	3	8076
4302	2	367
4303	1	1672
4304	1	2263
4305	3	5703
4306	4	4847
4307	2	3264
4308	2	179
4309	3	8214
4310	2	6947
4311	1	6422
4312	1	1794
4313	2	2256
4314	3	4048
4315	3	5807
4316	1	2822
4317	3	8264
4318	2	916
4319	3	808
4320	2	7652
4321	3	1210
4321	3	1211
4322	3	5334
4323	1	5990
4324	2	1015
4325	2	1094
4326	3	4774
4327	1	5924
4328	2	1388
4329	1	3159
4330	4	6832
4331	1	5187
4332	3	616
4333	2	7311
4334	1	1738
4335	2	771
4336	1	2134
4337	1	6060
4338	1	1851
4339	3	7614
4340	2	4550
4341	2	3538
4342	2	4302
4343	2	4496
4344	1	2218
4345	2	4231
4346	3	8022
4347	1	3392
4348	2	5979
4349	3	6867
4350	3	1046
4351	2	1910
4352	2	5322
4353	3	208
4354	1	5396
4355	2	642
4356	3	519
4357	3	4223
4358	3	27
4359	1	5920
4360	3	1290
4361	1	2168
4362	3	828
4363	3	950
4364	1	1754
4365	4	8208
4366	2	922
4367	3	7052
4368	3	444
4369	3	446
4370	3	463
4371	2	699
4372	2	4871
4373	2	830
4374	1	5286
4375	2	1147
4376	3	3260
4377	1	2800
4378	1	1052
4379	1	4940
4380	2	1078
4381	2	4144
4382	3	510
4383	3	6811
4384	2	6319
4385	1	2088
4386	1	5776
4387	3	5495
4388	1	2082
4389	2	1272
4390	2	4568
4391	3	2808
4392	1	3236
4393	3	6542
4394	3	7856
4395	3	7870
4396	1	4140
4397	1	5044
4398	3	5971
4399	4	3852
4400	1	3322
4401	2	5112
4402	2	96
4403	4	8359
4404	3	8286
4405	3	7574
4406	2	604
4407	1	2412
4408	1	2148
4409	3	2568
4410	3	1122
4411	3	2119
4412	3	3020
4413	2	5536
4414	1	2904
4415	3	2346
4416	3	671
4417	4	5239
4418	2	1283
4419	2	1719
4420	2	4108
4421	2	548
4422	2	6350
4423	3	1244
4424	1	2195
4425	3	7830
4426	1	6131
4427	3	438
4428	3	5928
4429	4	6554
4430	2	619
4431	2	1456
4432	3	7474
4433	3	4200
4434	3	7635
4435	3	6760
4436	4	7440
4437	4	5704
4438	2	5750
4439	4	6682
4440	3	691
4441	2	1227
4442	1	6354
4443	3	880
4444	2	4428
4445	3	7074
4446	3	4399
4447	1	5248
4448	3	5695
4449	3	7175
4450	2	4524
4451	3	158
4452	3	5064
4453	2	1336
4454	3	6086
4455	2	1684
4456	3	420
4457	2	5884
4458	3	624
4459	3	6342
4460	4	7947
4461	3	5919
4462	2	4616
4463	2	5548
4464	3	6891
4465	2	2508
4466	1	7772
4467	2	859
4468	3	4668
4469	2	4087
4470	3	1102
4471	3	7042
4472	3	426
4473	4	8179
4474	1	3287
4475	3	516
4476	2	1746
4477	2	4300
4478	4	8050
4479	2	1135
4480	1	4619
4481	1	5180
4482	3	116
4483	1	874
4484	2	1310
4485	4	7803
4486	2	971
4487	4	7710
4488	2	8298
4489	2	538
4490	2	5710
4491	1	2060
4492	3	378
4493	3	539
4494	1	5264
4495	2	5564
4496	1	2835
4497	2	2112
4498	1	7335
4499	1	3076
4500	2	250
4501	2	1063
4502	3	67
4503	3	523
4504	4	2694
4505	2	4158
4506	3	6299
4507	2	970
4508	3	3838
4509	4	6780
4510	2	2107
4511	3	7908
4512	2	2042
4513	2	886
4514	2	2311
4515	3	406
4516	1	2224
4517	1	6880
4518	2	7691
4519	2	750
4520	2	835
4521	3	355
4522	1	5403
4523	3	4116
4524	2	6883
4525	1	2027
4526	3	900
4527	3	6810
4528	1	7788
4529	1	1911
4530	2	520
4531	2	602
4532	3	7287
4533	3	7356
4534	2	6100
4535	3	999
4536	4	2639
4537	3	395
4538	1	8332
4539	3	152
4540	3	2684
4541	3	1287
4542	3	958
4543	3	656
4544	1	3282
4545	2	2314
4546	2	4811
4547	1	2671
4548	1	3812
4549	3	1267
4550	1	2974
4551	3	6855
4552	2	2986
4553	3	583
4554	1	3228
4555	1	2562
4556	1	2028
4557	4	6608
4558	3	6088
4559	2	2274
4560	1	2086
4561	2	5800
4562	1	3643
4563	1	2408
4564	2	1786
4565	3	6624
4566	1	2476
4567	2	3668
4568	1	2236
4569	4	6156
4570	3	5375
4571	1	8304
4572	2	1975
4573	2	196
4574	3	7016
4575	2	2575
4576	3	5348
4577	2	852
4578	3	6424
4579	2	1115
4580	3	1055
4581	3	1254
4582	2	747
4583	2	8151
4584	4	7608
4585	1	6032
4586	3	75
4587	1	7646
4587	1	7647
4588	1	2276
4589	2	5311
4590	3	1058
4591	1	1923
4592	3	5979
4593	3	4491
4594	3	7771
4595	4	6552
4596	3	147
4597	1	4035
4598	4	8348
4599	3	674
4600	2	7879
4601	2	8124
4602	4	8130
4603	2	2818
4604	1	6735
4605	1	2207
4606	3	655
4607	2	4499
4608	2	5195
4609	3	346
4610	3	975
4611	3	490
4612	1	3371
4613	3	7044
4614	3	264
4615	3	8115
4616	3	4664
4617	1	5027
4618	4	7299
4619	1	3110
4620	2	1935
4621	1	2198
4622	2	5971
4623	3	456
4624	3	1551
4625	3	434
4626	2	6532
4627	3	2020
4628	2	1172
4629	2	463
4630	1	3808
4631	1	2539
4632	1	4362
4633	3	432
4634	4	6604
4635	3	1051
4636	3	7762
4637	3	1219
4638	3	3520
4639	1	1594
4640	2	946
4641	3	634
4642	3	606
4643	2	904
4644	3	7211
4645	1	1508
4646	1	1495
4647	3	1024
4648	3	507
4649	3	756
4650	2	1960
4651	3	6736
4652	3	303
4653	1	2651
4654	3	230
4655	1	4567
4656	2	938
4657	2	3759
4658	2	6099
4659	3	7892
4660	3	2770
4661	3	3056
4662	3	660
4663	2	643
4664	1	4783
4665	3	3795
4666	3	1228
4667	1	2262
4668	1	8320
4669	3	876
4670	2	1411
4671	1	1116
4672	3	6295
4673	3	8046
4674	1	6338
4675	3	600
4676	3	1543
4677	2	8228
4678	2	472
4679	3	351
4680	4	7964
4681	3	8068
4682	3	3442
4683	2	5851
4684	1	7871
4685	3	340
4686	2	1202
4687	3	2883
4688	3	5414
4689	3	7479
4690	3	392
4691	4	6596
4692	2	4984
4693	2	1151
4694	1	1835
4695	3	6256
4696	3	6396
4697	3	3370
4698	2	732
4699	4	5244
4700	3	1234
4701	1	3836
4702	3	615
4703	3	7232
4704	1	3267
4705	4	6579
4706	2	492
4707	2	862
4708	1	2976
4709	4	4404
4710	2	3495
4711	1	1830
4712	2	7319
4713	4	5742
4714	2	6135
4715	1	6188
4716	3	836
4717	1	5100
4718	2	3311
4719	2	8054
4720	3	5338
4721	1	3691
4722	3	170
4723	2	815
4724	5	7056
4725	3	1147
4726	2	1650
4727	2	5702
4728	3	262
4729	2	314
4730	4	5336
4731	2	680
4732	3	1223
4733	2	999
4734	3	1027
4735	1	3656
4736	3	5775
4737	2	6438
4738	3	670
4739	3	388
4740	2	1195
4741	3	8226
4742	3	6151
4743	2	3462
4744	2	6836
4745	3	198
4746	3	8319
4747	2	7856
4748	3	8291
4749	2	391
4750	3	94
4751	2	772
4752	2	1194
4753	2	2470
4754	3	984
4755	2	5054
4756	1	7546
4757	3	375
4758	2	6287
4759	1	4436
4760	2	4316
4761	3	694
4762	1	6966
4763	1	4631
4764	2	822
4765	2	1056
4766	1	2826
4767	2	134
4768	3	4422
4769	2	6472
4770	1	3604
4771	1	5862
4772	1	5966
4773	3	5291
4774	3	5898
4775	1	3384
4776	1	3910
4777	2	2688
4778	3	82
4779	3	8088
4780	2	7520
4781	2	1126
4782	3	934
4783	2	94
4784	2	1324
4785	2	6600
4786	3	5366
4787	1	2708
4788	3	1259
4789	1	7078
4790	2	1934
4791	2	1007
4792	2	291
4793	2	183
4794	1	7795
4795	1	1511
4796	3	6976
4797	2	1382
4798	3	8094
4799	1	4860
4800	2	522
4801	1	7999
4802	3	795
4803	2	3096
4804	3	379
4805	3	484
4806	2	2300
4807	2	2879
4808	2	6448
4809	1	7191
4810	3	715
4811	3	8248
4812	2	6132
4813	1	4427
4814	3	3671
4815	4	7484
4816	3	2222
4817	2	1286
4818	4	8024
4819	3	4951
4820	4	6915
4821	1	3880
4822	3	6130
4823	2	810
4824	2	4258
4825	1	2048
4826	1	6118
4827	2	988
4828	2	443
4829	3	6894
4830	2	634
4831	1	2136
4832	3	3183
4833	1	6260
4834	4	7996
4835	3	227
4836	4	5814
4837	3	1423
4838	1	2154
4839	2	5068
4840	3	7402
4841	1	2448
4842	3	8143
4843	3	3328
4844	4	7575
4845	2	2174
4846	1	4874
4847	1	5406
4848	1	4788
4849	2	5670
4850	3	8340
4851	2	3103
4852	3	7108
4853	3	6934
4854	1	3046
4855	2	6632
4856	2	495
4857	2	3183
4858	3	719
4859	1	8272
4860	3	675
4861	4	7379
4862	3	7404
4863	1	2660
4864	2	1354
4865	1	4531
4866	1	2208
4867	3	704
4868	1	4124
4869	2	3343
4870	2	7407
4871	2	414
4872	3	7344
4873	1	3156
4874	1	931
4875	1	6375
4876	1	1300
4877	2	571
4878	3	864
4879	3	6388
4880	4	7140
4881	3	3847
4882	1	3135
4883	3	5148
4884	3	635
4885	3	7968
4886	3	175
4887	2	1523
4888	2	5222
4889	2	372
4890	4	3368
4891	3	274
4892	3	8223
4893	2	4620
4894	3	2994
4895	2	1571
4896	3	443
4897	3	4758
4898	1	7528
4899	3	5346
4900	1	4112
4901	3	6660
4902	3	8084
4903	3	7800
4904	3	530
4905	3	892
4906	2	4522
4907	3	3967
4908	1	2819
4909	1	3292
4910	2	3167
4911	3	8056
4912	3	548
4913	3	1183
4914	3	8212
4915	3	291
4916	4	6883
4917	3	5175
4918	2	79
4919	1	6739
4920	2	1814
4921	3	5992
4922	2	6663
4923	3	810
4924	3	8362
4925	2	456
4926	1	1364
4927	3	706
4928	1	3032
4929	4	8178
4930	3	596
4931	2	1004
4932	2	826
4933	2	764
4934	3	918
4935	3	3459
4936	2	851
4937	2	4868
4938	2	39
4939	3	7144
4940	1	2507
4941	2	975
4942	1	8274
4942	1	8276
4943	2	8055
4944	2	4234
4945	3	8075
4946	2	2690
4947	2	8010
4948	3	672
4949	3	4144
4950	3	1118
4951	1	3770
4952	1	5188
4953	3	7318
4954	2	424
4955	1	2323
4956	1	1084
4957	2	4962
4958	1	1199
4959	2	775
4960	2	8311
4961	3	571
4962	1	1376
4963	2	40
4964	2	744
4965	2	524
4966	3	6959
4967	4	6167
4968	1	5659
4969	2	8271
4970	2	8219
4971	1	2324
4972	2	4728
4973	1	3450
4974	1	7768
4975	4	8318
4976	3	7219
4977	2	762
4978	2	336
4979	2	4455
4980	2	1200
4981	4	5186
4982	1	4800
4983	2	534
4984	1	2110
4985	2	4131
4986	1	3546
4987	1	3444
4988	2	4044
4989	1	2943
4990	1	5770
4991	3	6940
4992	3	460
4993	3	142
4994	3	4348
4995	3	5240
4996	4	7354
4997	3	1308
4998	1	2775
4999	3	4104
5000	2	4264
5001	1	2316
5002	2	858
5003	3	186
5004	2	280
5005	2	5532
5006	2	6284
5007	3	2506
5008	2	395
5009	3	396
5010	4	6515
5011	3	798
5012	4	5636
5013	2	323
5014	1	4268
5015	4	7903
5016	2	331
5017	3	599
5018	2	2486
5019	1	2814
5020	3	972
5021	2	768
5022	3	319
5023	3	591
5024	3	68
5025	3	192
5026	4	6708
5027	3	726
5028	4	5864
5029	2	1255
5030	1	2098
5031	1	1527
5032	1	1535
5033	3	130
5034	3	450
5035	1	4323
5036	2	168
5036	2	282
5037	1	4626
5038	3	7843
5039	3	1115
5040	3	4352
5041	4	7182
5042	1	4110
5043	1	2199
5044	1	6288
5045	3	4128
5046	2	1220
5047	1	1824
5048	2	2180
5049	3	6096
5050	2	672
5051	2	8032
5052	1	4103
5053	3	6154
5054	2	32
5055	2	4890
5056	3	1256
5057	3	418
5058	3	52
5059	4	6455
5060	2	3474
5061	2	6142
5062	3	6816
5063	3	771
5064	3	1208
5065	3	419
5066	3	648
5067	3	8360
5068	3	6199
5069	2	6688
5070	3	6676
5071	2	656
5072	2	3912
5073	2	8211
5074	2	374
5075	2	726
5076	3	439
5077	1	3918
5078	2	888
5079	1	1391
5080	3	7743
5081	1	2914
5082	3	1783
5083	3	231
5084	1	4876
5085	2	6812
5086	1	6804
5087	2	1438
5088	3	8303
5089	3	916
5090	2	3015
5091	3	8180
5092	3	6163
5093	2	834
5094	3	8095
5095	2	302
5096	3	856
5097	3	4464
5098	1	5099
5099	3	555
5100	2	446
5101	3	739
5102	3	915
5103	2	7826
5104	2	8184
5105	3	8311
5106	3	5596
5107	1	4150
5108	3	6710
5109	2	7320
5110	3	784
5111	4	5127
5112	2	4696
5113	3	643
5114	3	1383
5115	3	563
5116	1	2582
5117	4	7842
5118	2	2691
5119	2	1638
5120	1	3251
5121	1	1304
5122	3	1546
5123	3	4296
5124	1	4414
5125	2	1479
5126	3	3512
5127	1	5726
5128	3	8316
5129	2	1634
5130	2	6982
5131	3	3420
5132	3	7994
5133	2	7324
5134	2	2576
5135	3	5652
5136	3	6792
5137	1	2304
5138	3	520
5139	3	1039
5140	2	8043
5141	3	4480
5142	2	375
5143	2	276
5144	1	5590
5145	2	1203
5146	1	5284
5147	3	3192
5148	2	5752
5149	4	5787
5150	3	1150
5151	3	2838
5152	2	8214
5153	1	3188
5154	1	4040
5155	2	5804
5156	3	1072
5157	3	187
5158	4	7628
5159	1	7080
5160	1	4538
5161	3	387
5162	2	4787
5163	2	920
5164	3	87
5165	3	258
5166	4	7852
5167	3	8314
5168	3	832
5169	3	1684
5170	2	7904
5171	2	850
5172	1	4224
5173	1	2075
5174	2	1316
5175	3	7952
5176	2	6823
5177	3	6516
5178	1	8266
5179	1	1980
5180	1	4479
5181	2	60
5182	3	5535
5183	2	703
5184	2	6406
5185	3	1136
5186	2	600
5187	1	1612
5188	1	2106
5189	3	6938
5190	2	328
5191	1	1795
5192	2	5156
5193	2	2623
5194	3	43
5195	3	4810
5196	3	8176
5197	2	1327
5198	2	6474
5199	3	5727
5200	2	5386
5201	3	7736
5202	5	4970
5203	3	6724
5204	1	6795
5205	3	51
5206	1	2911
5207	3	623
5208	2	43
5209	4	7731
5210	2	3696
5211	3	1120
5212	3	5612
5213	3	8200
5214	1	5392
5215	2	8252
5216	2	1692
5217	1	3991
5218	3	70
5219	2	2654
5220	3	3508
5221	2	162
5222	3	7264
5223	2	48
5224	3	146
5225	2	71
5226	2	2571
5227	2	1146
5228	1	4703
5229	3	6404
5230	3	90
5231	2	959
5232	3	831
5233	2	1058
5234	3	690
5235	2	5060
5236	3	868
5237	3	7750
5238	2	5922
5239	3	1003
5240	2	654
5241	3	342
5242	2	2627
5243	1	3372
5244	3	1263
5245	1	1242
5246	1	1912
5247	2	935
5248	5	6410
5249	1	1695
5250	2	2523
5251	3	5815
5252	2	676
5253	1	8270
5254	3	738
5255	3	3740
5256	2	3019
5257	1	4279
5258	2	146
5259	1	4086
5260	3	2591
5261	3	3343
5262	3	695
5263	1	1654
5264	1	2291
5265	3	260
5266	1	3982
5267	3	2872
5268	2	5551
5269	3	3944
5270	3	4255
5271	3	7271
5272	3	134
5273	1	6024
5274	3	7671
5275	3	7255
5276	3	1126
5277	2	8076
5278	4	8103
5279	2	5535
5280	2	720
5281	3	594
5282	3	483
5283	3	1814
5284	2	7268
5285	2	6892
5286	3	4052
5287	3	740
5288	3	4735
5289	2	3996
5290	3	1523
5291	4	6570
5292	2	1144
5293	3	936
5294	2	403
5295	2	7008
5296	2	8180
5297	3	1331
5298	3	24
5299	1	3494
5300	1	6302
5301	2	1198
5302	3	4603
5303	2	4480
5304	3	8027
5305	1	4610
5306	3	744
5307	2	599
5308	3	8356
5309	2	5150
5310	1	1626
5311	3	316
5312	2	6732
5313	1	4886
5314	4	6524
5315	1	2531
5316	4	7543
5317	2	7836
5318	2	3707
5319	3	632
5320	3	6936
5321	2	7920
5322	3	4574
5323	1	4814
5324	2	7030
5325	1	4752
5326	3	114
5327	1	6559
5328	3	6512
5329	2	240
5330	1	1838
5331	3	331
5332	3	514
5333	2	4310
5334	3	7992
5335	3	527
5336	3	102
5337	3	944
5338	1	1452
5339	2	952
5340	2	5064
5341	1	1623
5342	2	808
5343	1	4640
5344	3	5846
5345	3	676
5346	2	2080
5347	3	7023
5348	4	7252
5349	2	378
5350	3	8092
5351	2	1408
5352	1	4660
5353	3	1436
5354	3	559
5355	3	8239
5356	3	6923
5357	3	8310
5358	3	7340
5359	1	2511
5360	2	786
5361	3	339
5362	3	7431
5363	3	7351
5364	1	2556
5365	3	720
5366	3	1682
5367	3	5455
5368	3	5028
5369	3	7279
5370	1	8299
5371	1	5779
5372	3	8114
5373	2	432
5374	3	7906
5375	3	414
5376	3	8335
5377	3	8290
5378	2	272
5379	3	8342
5380	1	6535
5381	1	4002
5382	3	308
5383	2	655
5384	3	580
5385	3	7718
5386	4	3572
5387	2	6322
5388	1	4099
5389	3	8227
5390	2	1454
5391	3	1066
5392	3	5147
5393	3	8136
5394	3	163
5395	2	3780
5396	2	78
5397	1	3526
5398	2	4023
5399	3	214
5400	3	467
5401	2	4424
5402	3	8122
5403	3	7875
5404	3	680
5405	3	552
5406	3	7827
5407	3	458
5408	2	2004
5409	3	4768
5410	3	1239
5411	4	7819
5412	3	955
5413	3	311
5414	3	480
5415	2	5387
5416	3	8184
5417	3	1530
5418	2	683
5419	2	932
5420	1	4192
5421	3	84
5422	1	5524
5423	4	4612
5424	3	7970
5425	3	6666
5426	2	408
5427	3	47
5427	3	203
5428	3	8246
5429	3	1286
5430	3	83
5431	1	3039
5432	2	779
5433	2	1555
5434	2	160
5435	3	860
5436	3	179
5437	2	1276
5438	3	5442
5439	2	450
5440	3	6470
5440	3	6619
5441	3	86
5442	1	5280
5443	2	636
5444	4	8183
5445	1	1038
5446	1	4000
5447	2	2672
5448	3	7878
5449	3	1988
5450	1	2958
5451	3	6539
5452	4	7399
5453	2	2120
5454	2	964
5455	2	4104
5456	3	5962
5457	1	7620
5458	1	3048
5459	3	6854
5460	2	6806
5461	2	347
5462	2	4063
5463	3	3591
5464	3	2520
5465	2	2135
5466	2	3952
5467	1	6018
5468	3	3111
5469	1	2706
5470	3	284
5471	3	4623
5472	2	5355
5473	2	912
5474	3	6900
5475	3	1044
5476	1	4536
5477	2	795
5478	1	2766
5479	2	891
5480	4	6055
5481	3	88
5482	3	164
5483	1	4520
5484	3	8135
5485	2	7884
5486	3	604
5487	3	491
5488	2	295
5489	4	7022
5490	2	972
5491	2	856
5492	2	695
5493	3	167
5494	1	1079
5495	3	7422
5496	3	2212
5497	1	2636
5498	3	196
5499	3	464
5500	2	1943
5501	1	928
5502	1	6968
5503	3	1162
5504	3	96
5505	1	5594
5506	3	104
5507	3	6788
5508	2	1003
5509	3	2087
5510	1	6582
5511	3	7103
5512	1	2123
5513	3	1235
5514	3	743
5515	2	5384
5516	2	6536
5517	3	1751
5518	3	6932
5519	3	7280
5520	3	750
5521	2	8239
5522	3	1047
5523	2	3934
5524	2	798
5525	3	1008
5526	3	6255
5527	2	6623
5528	3	2912
5529	2	5090
5530	3	7636
5531	3	8295
5532	1	5868
5533	3	8355
5534	2	3024
5535	3	6768
5536	1	2326
5537	3	6172
5538	2	8135
5539	3	8132
5540	3	7940
5541	1	3534
5542	3	7780
5543	2	46
5544	5	6728
5545	2	5091
5546	2	5599
5547	3	6939
5548	2	960
5549	3	31
5550	3	454
5551	4	7744
5552	2	51
5553	3	747
5554	3	1196
5555	3	7922
5556	4	3347
5557	3	7944
5558	3	952
5559	3	6948
5560	3	5332
5561	3	6511
5562	3	42
5563	1	4384
5564	1	5156
5565	2	759
5566	3	4291
5567	2	191
5568	3	48
5569	3	618
5570	3	543
5571	1	2350
5572	2	8330
5573	3	2820
5574	1	5760
5575	2	1178
5576	1	5831
5577	3	422
5578	3	4459
5579	3	683
5580	2	340
5581	3	2856
5582	3	195
5583	4	7110
5584	3	471
5585	3	1319
5586	2	6468
5587	1	5098
5588	3	5255
5589	2	784
5590	3	324
5591	3	1076
5592	1	2343
5593	4	6498
5594	4	7424
5595	2	8090
5596	3	8306
5597	3	770
5598	3	8292
5599	2	527
5600	1	3687
5601	3	7020
5602	3	6132
5603	1	1359
5604	3	775
5605	2	163
5606	4	7064
5607	4	6468
5608	2	8136
5609	1	2047
5610	3	639
5611	3	7332
5612	2	7680
5613	1	6407
5614	1	6802
5615	1	6111
5616	2	6774
5617	3	7536
5618	3	570
5619	1	1603
5620	1	7876
5621	3	584
5622	3	1416
5623	2	142
5624	1	6326
5625	1	4790
5626	2	1138
5627	3	448
5628	2	1619
5629	1	6386
5630	1	8163
5631	4	6696
5632	3	8031
5633	3	8206
5634	1	4095
5635	3	968
5636	1	5803
5637	3	58
5638	3	7098
5639	2	936
5640	1	2930
5641	3	851
5642	3	1400
5643	3	908
5644	3	4264
5645	4	6471
5646	2	6108
5647	4	7184
5648	1	943
5649	3	8367
5650	2	1042
5651	1	2156
5652	3	1042
5653	3	8218
5654	2	1519
5655	3	819
5656	3	2100
5657	3	1068
5658	3	6464
5659	2	6180
5660	1	4963
5661	1	8288
5662	2	1008
5663	2	7351
5664	3	1151
5665	2	1050
5666	1	3128
5667	3	5950
5668	2	195
5669	4	5616
5670	1	6506
5671	3	647
5672	1	5687
5673	2	1580
5674	3	204
5675	1	8344
5676	1	5531
5677	3	423
5678	3	511
5679	2	516
5680	3	2430
5681	2	4891
5682	3	6232
5683	3	1336
5684	1	5374
5685	3	344
5686	3	914
5687	3	1439
5688	3	36
5689	3	5159
5690	3	6860
5691	3	6142
5692	4	8160
5693	2	7859
5694	2	832
5695	2	4816
5696	3	108
5697	3	191
5698	2	1176
5699	2	8198
5700	1	2567
5701	2	6308
5702	2	351
5703	3	4463
5704	2	587
5705	2	3654
5706	1	6819
5707	2	7756
5708	3	5970
5709	2	4880
5710	2	702
5711	3	4548
5712	2	3955
5713	3	544
5714	3	71
5715	1	2483
5716	3	2622
5717	1	678
5718	1	6300
5719	3	700
5720	2	3639
5721	3	502
5721	3	503
5722	1	5592
5723	4	8255
5724	2	4012
5725	2	4194
5726	5	4792
5727	3	276
5728	3	78
5729	1	4219
5730	1	7619
5731	3	64
5732	2	2978
5733	3	1778
5734	2	4254
5735	3	3455
5736	3	6503
5737	1	4308
5738	3	906
5739	2	2662
5740	2	523
5741	2	1503
5742	3	4784
5743	2	5174
5744	3	772
5745	5	6244
5746	3	79
5747	3	8312
5748	3	4684
5749	1	8127
5750	2	1204
5751	3	6531
5752	2	1308
5753	2	5139
5754	1	3388
5755	3	547
5756	2	144
5757	1	1168
5758	3	259
5759	2	8251
5760	3	7796
5761	3	135
5762	3	7234
5763	3	1307
5764	3	7172
5765	1	5874
5766	2	422
5767	3	4807
5768	2	728
5769	3	323
5770	3	3734
5771	1	8343
5772	3	382
5773	4	6711
5774	2	1779
5775	1	1750
5776	2	467
5777	3	7606
5778	3	7100
5779	3	564
5780	1	4982
5781	3	6808
5782	3	447
5783	1	6103
5784	1	2167
5785	2	6120
5786	3	8192
5787	3	6732
5788	2	752
5789	3	1634
5790	2	1532
5791	3	168
5791	3	282
5792	2	714
5793	2	1414
5794	3	8032
5795	4	7607
5796	2	1170
5797	3	59
5798	3	8228
5799	1	3011
5800	1	3627
5801	1	2888
5802	3	4302
5803	3	6719
5804	3	8195
5805	3	1152
5806	2	5819
5807	1	926
5808	4	7483
5809	1	8067
5810	2	1062
5811	1	7862
5812	2	8368
5813	2	264
5814	2	8364
5815	2	7171
5816	3	3854
5817	3	496
5818	3	32
5819	1	8191
5820	2	915
5821	1	1590
5822	3	2771
5823	2	1096
5824	2	70
5825	3	7967
5826	3	2967
5827	1	6263
5828	3	6078
5829	3	1475
5830	2	4804
5831	3	644
5832	3	3142
5833	2	5435
5834	4	7480
5835	4	7978
5836	4	6328
5837	2	2795
5838	2	7764
5839	1	3894
5840	3	219
5841	2	7475
5842	1	1862
5843	3	451
5844	4	6340
5845	3	779
5846	3	6215
5847	3	5620
5848	3	8016
5849	3	759
5850	3	3483
5851	2	95
5852	2	6299
5853	1	6456
5854	2	2116
5855	2	531
5856	4	7210
5857	3	5468
5858	3	4984
5859	3	796
5860	2	3162
5861	3	7815
5862	3	6703
5863	2	950
5864	1	8326
5865	5	8070
5866	3	792
5867	2	848
5868	1	5171
5869	2	1228
5870	1	4458
5871	2	1118
5872	1	8279
5873	4	7615
5874	1	6975
5875	3	5031
5876	2	799
5877	3	408
5878	3	1106
5879	1	8111
5880	2	188
5881	3	894
5882	3	144
5883	1	751
5884	2	3636
5885	2	392
5886	1	8267
5887	3	3231
5888	2	796
5889	2	7403
5890	1	6002
5891	3	428
5892	2	5035
5893	2	5758
5894	3	280
5895	3	1274
5896	5	8044
5897	3	283
5898	3	688
5899	1	8156
5900	2	383
5901	3	1198
5902	3	5254
5903	1	5278
5904	3	1056
5905	3	343
5906	2	2475
5907	3	6284
5908	1	7639
5908	1	7640
5909	3	6824
5910	3	7294
5911	1	6611
5912	3	7447
5913	3	7728
5914	3	7327
5915	1	2406
5916	1	5872
5917	1	2114
5918	2	3820
5919	3	5512
5920	2	1339
5921	1	8338
5921	1	8339
5922	1	8204
5923	3	3774
5924	3	7722
5925	1	4884
5926	1	3932
5927	3	4568
5928	2	684
5929	3	7808
5930	3	494
5931	1	6119
5932	2	5467
5933	1	6138
5934	3	554
5935	2	6698
5936	1	1648
5937	1	3374
5938	3	180
5939	3	188
5940	3	924
5941	3	886
5942	2	3239
5943	1	5320
5944	1	2179
5945	1	2368
5946	3	7198
5947	3	654
5948	3	1272
5949	3	2859
5950	1	5051
5951	3	8124
5952	4	7224
5953	3	40
5954	2	584
5955	3	4879
5956	1	4830
5956	1	4832
5957	2	8306
5958	3	6648
5959	1	5931
5960	3	859
5961	2	474
5962	1	8231
5963	1	1399
5964	2	5919
5965	2	2066
5966	3	4680
5967	2	2119
5968	2	632
5969	3	4968
5970	2	908
5971	3	566
5972	3	3376
5973	2	8172
5974	3	592
5975	3	1074
5976	3	4042
5977	1	5330
5978	3	5170
5979	1	3870
5980	3	2610
5981	3	5051
5982	3	4256
5983	2	5039
5984	3	3556
5985	3	354
5986	2	4887
5987	3	8350
5988	4	6467
5989	2	5771
5990	3	2592
5991	2	8296
5992	2	1263
5993	2	3331
5994	3	3456
5995	2	700
5996	3	415
5997	2	5428
5998	2	1287
5999	2	1835
6000	2	580
6001	2	1074
6002	2	6176
6003	3	3818
6004	2	8268
6005	2	8319
6006	4	6035
6007	2	8232
6008	2	4459
6009	1	2344
6010	3	684
6011	4	7886
6012	3	848
6013	4	2864
6014	3	8252
6015	3	1156
6016	3	5755
6017	1	3334
6018	2	8195
6019	1	506
6020	2	8342
6021	2	1223
6022	3	1110
6023	3	607
6024	3	5451
6025	2	1047
6026	3	300
6027	3	780
6028	2	2712
6029	5	7612
6030	2	7931
6031	3	8224
6032	3	6922
6033	2	802
6034	2	4875
6035	4	8144
6036	3	7868
6037	2	3111
6038	2	1259
6039	3	755
6040	3	692
6041	3	95
6042	2	615
6043	2	919
6044	3	295
6045	1	8278
6045	1	8280
6046	3	1410
6047	3	174
6048	4	7858
6048	4	7859
6049	1	6902
6050	4	7900
6051	1	7966
6052	3	4139
6053	1	4606
6054	3	996
6055	2	5955
6056	1	4839
6057	3	3196
6058	3	3611
6059	3	7170
6060	1	2862
6061	1	8327
6062	3	7166
6063	3	1203
6064	3	863
6065	4	4828
6066	1	7260
6067	4	5447
6068	3	296
6069	2	836
6070	1	3743
6071	1	7672
6072	3	1030
6073	2	4824
6074	2	5268
6075	2	1470
6076	2	894
6077	2	510
6078	2	316
6079	3	103
6080	2	708
6081	4	7791
6082	2	660
6083	2	3006
6084	3	6662
6085	1	2811
6086	2	4284
6087	4	4551
6088	3	2898
6089	3	5518
6090	3	4496
6091	2	214
6092	1	2200
6093	2	3012
6094	4	4716
6095	1	1180
6096	1	1898
6097	3	8315
6098	1	903
6099	2	906
6100	2	914
6101	3	470
6102	3	5260
6103	3	686
6104	1	5459
6105	1	5568
6106	3	2463
6107	3	6036
6108	3	884
6109	3	536
6110	2	252
6111	3	7798
6112	3	7763
6113	1	5844
6114	3	3180
6115	1	4079
6116	2	1059
6116	2	1060
6117	2	26
6118	3	782
6119	3	3706
6120	2	7175
6121	1	4262
6122	1	3616
6123	1	1690
6124	3	1020
6125	2	68
6126	2	164
6127	3	5259
6128	3	8330
6129	1	2336
6130	3	3984
6131	1	4344
6132	1	5371
6133	4	7652
6134	3	1580
6135	2	64
6136	4	7496
6137	3	7950
6138	1	5696
6139	1	790
6140	1	6564
6141	3	162
6142	2	6339
6143	3	642
6144	3	416
6145	3	912
6146	3	495
6147	3	7690
6148	2	311
6149	3	336
6150	2	6864
6151	1	1858
6152	3	703
6153	4	7882
6154	4	7691
6155	3	3212
6156	2	8300
6157	3	183
6158	3	8059
6159	1	622
6160	1	1991
6161	3	8296
6162	2	4628
6163	4	6094
6164	3	8242
6165	3	6863
6166	3	318
6167	2	6699
6168	3	1736
6169	1	3383
6170	3	251
6171	1	5128
6172	1	1163
6173	2	612
6174	2	5574
6175	3	3200
6176	2	1238
6177	3	452
6178	3	3690
6179	3	939
6180	3	942
6181	2	452
6182	3	7276
6183	3	586
6184	3	3676
6185	3	7588
6186	3	7839
6187	3	1146
6188	3	774
6189	1	3122
6190	1	2602
6191	3	1108
6192	2	944
6193	1	3035
6194	3	716
6195	1	696
6196	2	1046
6197	1	2015
6198	2	3520
6199	2	8367
6200	2	6627
6201	3	7692
6202	2	819
6203	1	5858
6204	3	524
6205	3	1087
6206	4	7787
6207	2	635
6208	3	1107
6209	1	3876
6210	2	6940
6211	3	636
6212	1	7060
6213	3	1276
6214	1	1092
6215	3	5540
6216	1	8236
6217	2	8314
6218	3	2860
6219	1	1691
6220	2	3584
6221	1	5960
6222	3	7820
6223	3	7931
6224	3	7114
6225	4	4796
6226	2	5119
6227	4	6220
6228	3	518
6229	1	4955
6230	2	3660
6231	1	1875
6232	2	3366
6233	3	4494
6234	1	827
6235	1	1375
6236	2	326
6237	4	7011
6238	3	250
6239	3	5604
6240	3	1842
6241	3	5672
6242	2	652
6243	3	376
6244	2	31
6245	1	1258
6246	2	547
6247	2	7840
6248	2	4188
6249	1	2056
6250	1	3308
6251	1	151
6252	3	5203
6253	2	338
6254	1	8040
6255	2	5643
6256	3	1767
6257	2	1542
6258	1	8120
6259	3	3868
6260	1	6384
6261	2	4176
6262	2	5026
6263	3	5894
6264	3	531
6265	3	598
6266	1	6844
6267	3	16
6268	1	7958
6269	2	8218
6270	1	6442
6271	1	8336
6272	1	2078
6273	2	4840
6274	1	3123
6275	2	480
6276	1	1588
6277	4	7059
6278	3	8215
6279	3	8271
6280	1	1114
6281	1	4450
6282	1	4127
6283	1	896
6284	1	3080
6285	2	7654
6286	1	1952
6287	2	1307
6288	2	924
6289	3	328
6290	1	1804
6291	2	640
6292	1	1191
6293	1	1054
6294	1	8282
6294	1	8283
6295	1	8352
6296	1	8243
6297	1	907
6298	1	7959
6299	1	3306
6300	1	1674
6301	1	1548
6302	1	1348
6303	2	6763
6304	1	5104
6305	1	875
6306	1	1384
6307	1	664
6308	1	7196
6309	1	8259
6310	1	6022
6311	1	748
6312	1	2439
6313	1	238
6314	1	50
6315	1	1879
6316	1	910
6317	1	2138
6318	1	7152
6319	1	3344
6320	1	948
6321	1	1347
6322	1	3439
6323	1	1215
6324	1	718
6325	1	3816
6326	1	898
6327	1	1112
6328	1	8238
6329	1	362
6330	1	2498
6331	1	2504
6332	1	8328
6333	1	2564
6334	1	4191
6335	1	5404
6336	1	3892
6337	1	4523
6338	1	3723
6339	1	1920
6340	1	4506
6341	1	5899
6342	1	4106
6343	1	4232
6344	1	1367
6345	1	148
6346	1	1358
6347	1	3908
6348	1	6127
6349	1	2920
6350	1	334
6351	1	628
6352	1	3044
6353	1	3367
6354	1	3807
6355	1	123
6356	1	590
6357	1	8019
6358	1	1014
6359	1	127
6360	1	390
6361	1	2184
6362	1	620
6363	1	2810
6364	1	22
6365	1	576
6366	1	3782
6367	1	8202
6368	1	122
6369	1	3068
6370	1	15
6371	1	239
6372	1	8308
6373	1	3314
6374	1	4974
6375	1	927
6376	1	2147
6377	1	528
6378	1	3
6379	1	7
6379	1	363
6380	1	650
6381	1	3559
6382	1	626
6382	1	627
6383	1	478
6384	1	486
6385	1	368
6386	1	991
6387	1	887
6388	1	1231
6389	1	1164
6390	1	243
6391	1	38
6392	1	803
6393	1	8
6394	1	394
6395	1	2016
6396	1	5008
6397	1	754
6398	1	411
6399	1	1664
6400	1	247
6400	1	498
6400	1	499
6401	1	1000
6402	1	1299
6403	1	4815
6404	1	3398
6405	1	370
6406	1	1016
6407	1	4080
6408	1	11
6409	1	2675
6410	1	487
6411	1	4826
6412	1	407
6413	1	359
6414	1	879
6415	1	651
6416	1	608
6417	1	572
6418	1	255
6419	1	954
6420	1	4303
6421	1	2044
6422	1	930
6423	1	4
6424	1	244
6425	1	3906
6426	1	4510
6427	1	2
6428	1	3539
6429	1	8187
6430	1	136
6431	1	488
6432	1	7899
6433	1	4579
6434	1	8307
6435	1	138
6436	1	2083
6437	1	118
6437	1	120
6438	1	818
6439	1	5522
6440	1	1015
6441	1	10
6442	1	614
6443	1	878
6444	1	19
6445	1	14
6446	1	398
6446	1	399
6447	1	698
6448	1	735
6449	1	5738
6450	1	2830
6451	1	8354
6452	1	526
6453	1	7679
6454	1	8284
6455	1	8216
6456	1	315
6457	1	838
6458	1	508
6459	1	1486
6460	1	4359
6461	1	2103
6462	1	8147
6463	1	1752
6464	1	1843
6465	1	124
6465	1	150
6466	1	371
6467	1	1396
6468	1	358
6468	1	360
6469	1	266
6470	1	839
6471	1	767
6472	1	4470
6473	1	610
6474	1	668
6475	1	270
6476	1	1134
6477	1	6
6478	1	12
6479	1	18
6480	1	126
6481	1	787
6482	1	1002
6483	1	760
6484	1	235
6485	1	870
6486	1	234
6486	1	236
6487	1	8240
6488	1	6168
6489	1	742
6490	1	8116
6491	1	35
6492	1	746
6493	1	154
6494	1	2420
6495	1	246
6496	1	254
6497	1	131
6498	1	8331
6499	1	119
6500	1	140
6501	1	8334
6502	1	20
6503	1	248
6504	1	128
