ResultID	Dataset	DatasetID	Scan	Charge	PrecursorMZ	DelM	DelM_PPM	DelM_MSFragger	MH	Mass	Peptide	Modifications	Protein	AdditionalProteins	NTT	EValue	Rank_EValue	Hyperscore	Nextscore	PeptideProphetProbability	ElutionTime	ElutionTimeAverage	MissedCleavages	MatchedIons	TotalIons	QValue
1	MCF7Cell_O-GlcNAc	825245	18555	3	787.3916	-0.00282	-1.19424	1.0031	2359.159576	2358.1523	R.KDLYANTVLSGGTTMYPGIADR.M	15M(15.9949)	sp|P60709|ACTB_HUMAN	sp|P63261|ACTG_HUMAN	2	0	1	40.1030	8.2400	1.0000	63.4502		1	20	84	0
2	MCF7Cell_O-GlcNAc	825245	10020	3	416.5622	-0.00215	-1.72579	0.0013	1247.674176	1246.6669	K.TPVEPEVAIHR.I		sp|P60866|RS20_HUMAN		2	1.1E-13	1	25.1550	0.0000	1.0000	36.2805		0	13	40	0
3	MCF7Cell_O-GlcNAc	825245	7912	2	609.8264	-0.00213	-1.74787	0.0006	1218.647676	1217.6404	K.HFVALSTNTTK.V		sp|P06744|G6PI_HUMAN		2	1.97E-12	1	36.0500	9.1450	1.0000	29.0449		0	18	20	0
4	MCF7Cell_O-GlcNAc	825245	23565	2	618.8535	-0.00226	-1.82725	-0.0001	1236.701976	1235.6947	R.IFGLLMGTLQK.F	6M(15.9949)	sp|Q9H307|PININ_HUMAN		2	2.364E-11	1	21.2030	9.8550	1.0000	79.8013		0	10	20	0
5	MCF7Cell_O-GlcNAc	825245	21090	3	595.3109	-0.00426	-2.38748	-0.0001	1783.922476	1782.9152	R.VSLDVNHFAPDELTVK.T		sp|P04792|HSPB1_HUMAN		2	6.638E-11	1	31.2320	12.3860	1.0000	71.8773		0	14	60	0
6	MCF7Cell_O-GlcNAc	825245	27377	2	657.3563	-0.00459	-3.49777	0.0000	1313.709876	1312.7026	K.TSFFQALGITTK.I		sp|P05388|RLA0_HUMAN	sp|Q8NHW5|RLA0L_HUMAN	2	8.052E-11	1	24.0580	8.9610	1.0000	91.4452		0	12	22	0
7	MCF7Cell_O-GlcNAc	825245	16222	3	578.6455	-0.000065	-0.03762	0.0015	1733.921976	1732.9147	K.YGLIYHASLVGQTSPK.H		sp|Q9Y2X3|NOP58_HUMAN		2	1.7292E-10	1	31.6210	8.7630	1.0000	56.1734		0	16	60	0
8	MCF7Cell_O-GlcNAc	825245	26096	2	756.9403	-0.00102	-0.67151	-0.0001	1512.874376	1511.8671	K.TVAGQDAVIVLLGTR.N		sp|P30043|BLVRB_HUMAN		2	4.0753E-10	1	28.1510	0.0000	1.0000	87.5789		0	13	28	0
9	MCF7Cell_O-GlcNAc	825245	19908	2	638.8389	-0.00122	-0.95544	-0.0002	1276.671676	1275.6644	K.VPDGMVGFIIGR.G	5M(15.9949)	sp|Q96AE4|FUBP1_HUMAN		2	1.43344E-09	1	23.0750	9.1800	1.0000	67.8651		0	11	22	0
10	MCF7Cell_O-GlcNAc	825245	24993	2	707.8980	-0.00122	-0.86517	0.0004	1414.789876	1413.7826	K.QSLGELIGTLNAAK.V		sp|P60174|TPIS_HUMAN		2	1.46213E-09	1	30.5790	9.7170	1.0000	84.2685		0	14	26	0
11	MCF7Cell_O-GlcNAc	825245	2999	2	602.2833	-0.00148	-1.22818	-0.0013	1203.560776	1202.5535	R.HQGVMVGMGQK.D	5M(15.9949), 8M(15.9949)	sp|P60709|ACTB_HUMAN	sp|P62736|ACTA_HUMAN, sp|P63261|ACTG_HUMAN, sp|P63267|ACTH_HUMAN, sp|P68032|ACTC_HUMAN, sp|P68133|ACTS_HUMAN, sp|Q562R1|ACTBL_HUMAN	2	5.47114E-09	1	30.8680	8.1980	1.0000	11.8794		0	16	20	0
12	MCF7Cell_O-GlcNAc	825245	23585	2	618.8537	-0.00186	-1.50355	-0.0002	1236.701976	1235.6947	R.IFGLLMGTLQK.F	6M(15.9949)	sp|Q9H307|PININ_HUMAN		2	1.80249E-08	1	22.1240	9.6420	1.0000	79.8658		0	11	20	0
13	MCF7Cell_O-GlcNAc	825245	12648	3	549.6302	0.00132	0.80006	0.0014	1646.874676	1645.8674	K.TGVAVNKPAEFTVDAK.H		sp|P21333|FLNA_HUMAN		2	1.99023E-08	1	30.7010	11.2380	1.0000	44.975		0	15	60	0
14	MCF7Cell_O-GlcNAc	825245	17223	2	616.3439	-0.00212	-1.71956	-0.0003	1231.682576	1230.6753	R.TLMNLGGLAVAR.D	3M(15.9949)	sp|P37802|TAGL2_HUMAN		2	6.1881E-08	1	25.4110	8.6240	1.0000	59.3687		0	13	22	0
15	MCF7Cell_O-GlcNAc	825245	27770	2	720.3975	-0.0015	-1.04092	-0.0006	1439.789176	1438.7819	R.VALTGLTVAEYFR.D		sp|P06576|ATPB_HUMAN		2	7.46325E-08	1	33.8620	11.4100	1.0000	92.6148		0	16	24	0
16	MCF7Cell_O-GlcNAc	825245	13262	3	455.9084	-0.00139	-1.0164	-0.0001	1365.711976	1364.7047	K.SRLEQEIATYR.S		sp|P08727|K1C19_HUMAN		2	1.35777E-07	1	21.6700	18.2610	1.0000	46.9602		1	11	40	0
17	MCF7Cell_O-GlcNAc	825245	6153	2	560.8029	-0.00112	-1.00107	-0.0002	1120.599676	1119.5924	K.STTTGHLIYK.C		sp|P68104|EF1A1_HUMAN	sp|Q05639|EF1A2_HUMAN, sp|Q5VTE0|EF1A3_HUMAN	2	1.58351E-07	1	22.4130	9.4360	1.0000	22.8011		0	12	18	0
18	MCF7Cell_O-GlcNAc	825245	27791	3	611.9915	-0.00259	-1.41194	0.0011	1833.962476	1832.9552	R.TLQGLEIELQSQLSMK.A	15M(15.9949)	sp|P08727|K1C19_HUMAN	sp|P13646|K1C13_HUMAN	2	2.30949E-07	1	19.8730	13.6690	1.0000	92.6761		0	10	60	0
19	MCF7Cell_O-GlcNAc	825245	9507	2	498.2973	-0.00103	-1.03753	0.0000	995.588376	994.5811	R.HVLVTLGEK.M		sp|P60660|MYL6_HUMAN		2	4.0807E-07	1	28.8280	11.0330	1.0000	34.5511		0	15	16	0
20	MCF7Cell_O-GlcNAc	825245	23014	2	688.9100	-0.00198	-1.44267	0.0004	1376.814676	1375.8074	K.YILVTGGVISGIGK.G		sp|P17812|PYRG1_HUMAN	sp|Q9NRF8|PYRG2_HUMAN	2	5.87419E-07	1	28.0650	10.8020	1.0000	78.0201		0	13	26	0
21	MCF7Cell_O-GlcNAc	825245	8075	2	508.7788	-0.00198	-1.95103	-0.0001	1016.552276	1015.5450	R.HTFGLVQSK.L		sp|Q6UW68|TM205_HUMAN		2	9.2112E-07	1	23.2430	9.2590	1.0000	29.5955		0	12	16	0
22	MCF7Cell_O-GlcNAc	825245	11623	2	646.8328	-0.00095	-0.73641	0.0003	1292.659276	1291.6520	R.SLGSVQAPSYGAR.P		sp|P05783|K1C18_HUMAN		2	1.15465E-06	1	24.4550	10.4420	1.0000	41.6239		0	12	24	0
23	MCF7Cell_O-GlcNAc	825245	14028	3	499.5932	-0.00137	-0.91872	0.0000	1496.766276	1495.7590	R.TEMENEFVLIKK.D	3M(15.9949)	sp|P05787|K2C8_HUMAN		2	1.43014E-06	1	29.6760	10.0270	1.0000	49.3591		1	15	44	0
24	MCF7Cell_O-GlcNAc	825245	3622	3	489.5785	-0.00238	-1.62103	-0.0004	1466.723376	1465.7161	K.TATPQQAQEVHEK.L		sp|P60174|TPIS_HUMAN		2	1.49539E-06	1	25.0160	9.1260	1.0000	13.8534		0	13	48	0
25	MCF7Cell_O-GlcNAc	825245	20124	2	663.8509	-0.00276	-2.08455	-0.0029	1326.697276	1325.6900	K.TVTAMDVVYALK.R	5M(15.9949)	sp|P62805|H4_HUMAN		2	1.52464E-06	1	19.2850	8.7560	1.0000	68.5896		0	10	22	0
26	MCF7Cell_O-GlcNAc	825245	6615	2	573.8214	-0.0009	-0.78285	-0.0003	1146.636476	1145.6292	K.TKDGVVEITGK.H		sp|P04792|HSPB1_HUMAN		2	2.1876E-06	1	28.9110	10.3540	1.0000	24.4361		1	15	20	0
27	MCF7Cell_O-GlcNAc	825245	26118	2	741.4273	-0.000077	-0.05202	0.0014	1481.847376	1480.8401	K.PVVSFIAGLTAPPGR.R		sp|P53597|SUCA_HUMAN		2	2.48028E-06	1	32.9220	8.1400	1.0000	87.6478		0	15	28	0
28	MCF7Cell_O-GlcNAc	825245	20106	3	763.7216	-0.00398	-1.74112	0.0012	2289.154276	2288.1470	K.SIVHPSYNSNTLNNDIMLIK.L	17M(15.9949)	Contaminant_TRYP_BOVIN		2	4.04345E-06	1	22.5200	10.4870	1.0000	68.5336		0	11	76	0
29	MCF7Cell_O-GlcNAc	825245	21578	3	811.4324	-0.00465	-1.91382	1.0051	2431.283876	2430.2766	K.QHNSGPNSKPVVSFIAGLTAPPGR.R		sp|P53597|SUCA_HUMAN		2	4.1783E-06	1	30.0160	0.0000	1.0000	73.4337		0	14	92	0
30	MCF7Cell_O-GlcNAc	825245	24449	2	617.8546	-0.00218	-1.76711	-0.0028	1234.704076	1233.6968	R.GLSSLLYGSIPK.A		sp|P53007|TXTP_HUMAN		2	4.92064E-06	1	18.1960	7.4550	1.0000	82.5789		0	10	22	0
31	MCF7Cell_O-GlcNAc	825245	17062	2	454.7541	-0.00125	-1.37931	-0.0003	908.502176	907.4949	G.MVGFIIGR.G	1M(15.9949)	sp|Q96AE4|FUBP1_HUMAN	sp|Q96I24|FUBP3_HUMAN	1	5.13481E-06	1	19.2310	7.9620	1.0000	58.8408		0	10	14	0
32	MCF7Cell_O-GlcNAc	825245	19889	2	658.8746	-0.000016	-0.01192	0.0003	1316.741876	1315.7346	K.TSIAIDTIINQK.R		sp|P25705|ATPA_HUMAN		2	5.43507E-06	1	23.4300	10.1850	1.0000	67.7987		0	11	22	0
33	MCF7Cell_O-GlcNAc	825245	7601	2	530.2820	-0.00139	-1.31577	-0.0004	1059.558076	1058.5508	R.HYGGLTGLNK.A		sp|P15259|PGAM2_HUMAN	sp|P18669|PGAM1_HUMAN, sp|Q8N0Y7|PGAM4_HUMAN	2	5.53974E-06	1	24.0370	11.6710	1.0000	27.9214		0	13	18	0
34	MCF7Cell_O-GlcNAc	825245	10913	2	473.2602	-0.00207	-2.19296	-0.0001	945.515176	944.5079	K.HFNLLSSK.G		sp|Q9BUP3|HTAI2_HUMAN		2	5.54989E-06	1	19.0690	9.5360	1.0000	39.245		0	10	14	0
35	MCF7Cell_O-GlcNAc	825245	6254	3	452.5681	-0.00155	-1.14552	0.0003	1355.691276	1354.6840	K.TIEAEAAHGTVTR.H		sp|P48735|IDHP_HUMAN		2	5.75812E-06	1	25.0250	7.0000	1.0000	23.1758		0	12	48	0
36	MCF7Cell_O-GlcNAc	825245	18761	2	523.3100	-0.00251	-2.40536	-0.0001	1045.615176	1044.6079	R.LGFVAGVINR.E		sp|Q93050|VPP1_HUMAN		2	5.83459E-06	1	22.4850	9.1960	1.0000	64.082		0	11	18	0
37	MCF7Cell_O-GlcNAc	825245	14104	2	539.2758	-0.00323	-2.99983	-0.0011	1077.547576	1076.5403	R.HYLFDVQR.N		sp|P24539|AT5F1_HUMAN		2	7.27571E-06	1	21.9270	10.8570	1.0000	49.6037		0	11	14	0
38	MCF7Cell_O-GlcNAc	825245	28020	2	670.9059	0.00105	0.78115	0.0004	1340.803376	1339.7961	K.IILDLISESPIK.G		sp|P61978|HNRPK_HUMAN		2	7.49057E-06	1	23.2320	9.7750	1.0000	93.3825		0	11	22	0
39	MCF7Cell_O-GlcNAc	825245	20213	3	514.9654	-0.00326	-2.11113	0.0003	1542.884876	1541.8776	R.KQSLGELIGTLNAAK.V		sp|P60174|TPIS_HUMAN		2	7.68317E-06	1	23.9320	10.6480	1.0000	68.8888		1	12	56	0
40	MCF7Cell_O-GlcNAc	825245	22245	2	696.8787	-0.00534	-3.83894	-0.0011	1392.755476	1391.7482	K.MSGLIVGSAFGPIK.I	1M(15.9949)	sp|Q9UKN8|TF3C4_HUMAN		2	7.73125E-06	1	31.9470	11.3300	1.0000	75.5709		0	15	26	0
41	MCF7Cell_O-GlcNAc	825245	10042	2	478.7690	-0.00045	-0.47577	0.0001	956.531176	955.5239	K.HGLYLPTR.V		sp|P49327|FAS_HUMAN		2	8.53904E-06	1	21.3990	0.0000	1.0000	36.3518		0	11	14	0
42	MCF7Cell_O-GlcNAc	825245	27297	2	773.9331	-0.00312	-2.01907	0.0004	1546.861976	1545.8547	K.MGVITVSGLAGLVSAR.K	1M(15.9949)	sp|Q6UXV4|MIC27_HUMAN		2	9.73868E-06	1	27.5460	0.0000	1.0000	91.2058		0	13	30	0
43	MCF7Cell_O-GlcNAc	825245	21535	3	811.0972	-0.0069	-2.83765	0.0026	2431.283876	2430.2766	K.QHNSGPNSKPVVSFIAGLTAPPGR.R		sp|P53597|SUCA_HUMAN		2	1.00058E-05	1	28.4990	0.0000	1.0000	73.2992		0	13	92	0
44	MCF7Cell_O-GlcNAc	825245	24040	2	593.3621	-0.00316	-2.6702	0.0009	1185.720076	1184.7128	K.TAVETAVLLLR.I		sp|P49368|TCPG_HUMAN		2	1.11457E-05	1	24.2550	12.4470	1.0000	81.2859		0	11	20	0
45	MCF7Cell_O-GlcNAc	825245	18491	2	558.3363	-0.00167	-1.49821	-0.0009	1115.666976	1114.6597	R.VIGTLLGTVDK.H		sp|O00303|EIF3F_HUMAN		2	1.20829E-05	1	18.9440	9.4220	1.0000	63.2513		0	9	20	0
46	MCF7Cell_O-GlcNAc	825245	20522	2	466.2890	-0.00159	-1.70983	-0.0002	931.572376	930.5651	R.FAVGIVIGR.N		sp|Q96AE4|FUBP1_HUMAN	sp|Q96I24|FUBP3_HUMAN	2	1.5838E-05	1	20.9820	7.5080	1.0000	69.9436		0	10	16	0
47	MCF7Cell_O-GlcNAc	825245	13982	2	646.8629	-0.00229	-1.77201	0.0012	1292.720776	1291.7135	K.VKLEAEIATYR.R		sp|P05783|K1C18_HUMAN		2	2.01276E-05	1	19.9960	13.3600	1.0000	49.2108		1	10	20	0
48	MCF7Cell_O-GlcNAc	825245	16657	2	565.3130	-0.00238	-2.11017	0.0003	1129.621076	1128.6138	K.LSELEAALQR.A		sp|P05787|K2C8_HUMAN		2	2.08062E-05	1	23.7340	10.4340	1.0000	57.5827		0	11	18	0
49	MCF7Cell_O-GlcNAc	825245	21988	2	762.9581	-0.0018	-1.18106	0.0012	1524.910676	1523.9034	K.ILIVGGGVAGLASAGAAK.S		sp|Q13423|NNTM_HUMAN		2	2.09894E-05	1	28.2120	9.2820	1.0000	74.7349		0	13	34	0
50	MCF7Cell_O-GlcNAc	825245	28844	2	720.9240	-0.00126	-0.87306	0.0018	1440.841976	1439.8347	K.ALQSVGQIVGEVLK.Q		sp|P62333|PRS10_HUMAN		2	2.10318E-05	1	21.6690	11.5550	1.0000	95.8255		0	10	26	0
51	MCF7Cell_O-GlcNAc	825245	18704	2	621.8472	-0.00027	-0.21595	-0.0008	1242.687276	1241.6800	R.VPDGMVGLIIGR.G	5M(15.9949)	sp|Q92945|FUBP2_HUMAN		2	2.28621E-05	1	21.1070	10.3530	1.0000	63.9086		0	10	22	0
52	MCF7Cell_O-GlcNAc	825245	21321	2	710.3776	0.00017	0.12185	0.0011	1419.747776	1418.7405	R.QAQEYEALLNIK.V		sp|P05783|K1C18_HUMAN		2	2.32404E-05	1	24.7000	11.0810	1.0000	72.6255		0	12	22	0
53	MCF7Cell_O-GlcNAc	825245	9913	2	487.2991	-0.00185	-1.90195	0.0001	973.592776	972.5855	K.SPITIITTK.V		sp|P51610|HCFC1_HUMAN		2	2.48954E-05	1	25.6670	9.8620	1.0000	35.9384		0	13	16	0
54	MCF7Cell_O-GlcNAc	825245	16678	3	691.6970	-0.0039	-1.8818	1.0046	2072.077076	2071.0698	K.AGIAHLYGIAGSTNVTGDQVK.K		sp|P09467|F16P1_HUMAN		2	2.66532E-05	1	27.7970	18.0670	1.0000	57.6521		0	14	80	0
55	MCF7Cell_O-GlcNAc	825245	3832	2	584.8005	-0.00189	-1.62247	0.0006	1168.595676	1167.5884	K.QVHPDTGISSK.A		sp|O60814|H2B1K_HUMAN	sp|P06899|H2B1J_HUMAN, sp|P23527|H2B1O_HUMAN, sp|P33778|H2B1B_HUMAN, sp|P57053|H2BFS_HUMAN, sp|P58876|H2B1D_HUMAN, sp|P62807|H2B1C_HUMAN, sp|Q16778|H2B2E_HUMAN, sp|Q5QNW6|H2B2F_HUMAN, sp|Q8N257|H2B3B_HUMAN, sp|Q93079|H2B1H_HUMAN, sp|Q96A08|H2B1A_HUMAN, sp|Q99877|H2B1N_HUMAN, sp|Q99879|H2B1M_HUMAN, sp|Q99880|H2B1L_HUMAN	2	2.70335E-05	1	18.3120	8.6870	1.0000	14.5681		0	9	20	0
56	MCF7Cell_O-GlcNAc	825245	3008	3	401.8575	-0.00285	-2.37282	-0.0022	1203.560776	1202.5535	R.HQGVMVGMGQK.D	5M(15.9949), 8M(15.9949)	sp|P60709|ACTB_HUMAN	sp|P62736|ACTA_HUMAN, sp|P63261|ACTG_HUMAN, sp|P63267|ACTH_HUMAN, sp|P68032|ACTC_HUMAN, sp|P68133|ACTS_HUMAN, sp|Q562R1|ACTBL_HUMAN	2	2.76572E-05	1	18.9180	7.4570	1.0000	11.9077		0	10	40	0
57	MCF7Cell_O-GlcNAc	825245	9569	2	790.8865	-0.00052	-0.32981	-0.0001	1580.766176	1579.7589	R.PVSSAASVYAGAGGSGSR.I		sp|P05783|K1C18_HUMAN		2	2.83792E-05	1	26.6880	0.0000	1.0000	34.7965		0	13	34	0
58	MCF7Cell_O-GlcNAc	825245	20470	2	663.8521	-0.00036	-0.27417	0.0002	1326.697276	1325.6900	K.TVTAMDVVYALK.R	5M(15.9949)	sp|P62805|H4_HUMAN		2	3.83077E-05	1	20.9960	8.4570	1.0000	69.7568		0	11	22	0
59	MCF7Cell_O-GlcNAc	825245	21373	2	690.3763	-0.01154	-8.36953	-0.0144	1379.756776	1378.7495	R.VSFELFADKVPK.T		sp|P62937|PPIA_HUMAN		2	3.86337E-05	1	21.4850	11.8350	1.0000	72.7983		1	11	22	0
60	MCF7Cell_O-GlcNAc	825245	22282	2	776.9016	0.00329	2.11988	0.0014	1552.792576	1551.7853	K.TFAPEEISAMVLTK.M	10M(15.9949)	sp|P11021|BIP_HUMAN		2	3.87313E-05	1	16.8890	8.8900	1.0000	75.6905		0	8	26	0
61	MCF7Cell_O-GlcNAc	825245	16682	3	691.3615	-0.00704	-3.40042	0.0007	2072.077076	2071.0698	K.AGIAHLYGIAGSTNVTGDQVK.K		sp|P09467|F16P1_HUMAN		2	0.00006	1	18.3150	10.2340	1.0000	57.6648		0	9	80	0
62	MCF7Cell_O-GlcNAc	825245	17197	2	606.8564	-0.00031	-0.25391	0.0000	1212.705776	1211.6985	R.QLLAGGIAGAVSR.T		sp|Q6NUK1|SCMC1_HUMAN		2	0.00007	1	24.7830	13.0410	1.0000	59.2803		0	12	24	0
63	MCF7Cell_O-GlcNAc	825245	22271	2	864.9402	0.00281	1.62697	0.0008	1728.870276	1727.8630	K.AGGFVVGYTSSGNPIFR.N		sp|Q9HAV4|XPO5_HUMAN		2	0.00007	1	26.1620	0.0000	1.0000	75.6573		0	13	32	0
64	MCF7Cell_O-GlcNAc	825245	8260	2	557.7987	0.00104	0.93624	0.0012	1114.589076	1113.5818	R.HPQLLYESK.L		sp|P48729|KC1A_HUMAN	sp|Q8N752|KC1AL_HUMAN	2	0.00008	1	19.1070	11.0410	1.0000	30.2485		0	10	16	0
65	MCF7Cell_O-GlcNAc	825245	6618	3	382.8828	-0.00257	-2.24623	-0.0007	1146.636476	1145.6292	K.TKDGVVEITGK.H		sp|P04792|HSPB1_HUMAN		2	0.00008	1	18.8980	10.7150	1.0000	24.4461		1	10	40	0
66	MCF7Cell_O-GlcNAc	825245	9471	2	572.3106	-0.0017	-1.49144	-0.0009	1143.615576	1142.6083	K.TYHALSNLPK.A		sp|O00231|PSD11_HUMAN		2	0.0001	1	19.5130	9.6320	1.0000	34.4388		0	10	18	0
67	MCF7Cell_O-GlcNAc	825245	19157	2	607.3265	-0.00053	-0.44096	-0.0001	1213.646176	1212.6389	R.TPFLLSGTSYK.D		sp|P55084|ECHB_HUMAN		2	0.0001	1	25.4930	0.0000	1.0000	65.3615		0	12	20	0
68	MCF7Cell_O-GlcNAc	825245	26895	2	807.4532	-0.00176	-1.09242	0.0014	1613.900876	1612.8936	K.LVINGNPITIFQER.D		sp|P04406|G3P_HUMAN		2	0.0001	1	24.4360	0.0000	1.0000	90.0163		0	11	26	0
69	MCF7Cell_O-GlcNAc	825245	20718	2	646.8479	0.00074	0.57319	0.0025	1292.687676	1291.6804	K.LMSALLSGLTDR.N	2M(15.9949)	sp|Q5VYK3|ECM29_HUMAN		2	0.00013	1	20.5520	13.0720	1.0000	70.6099		0	10	22	0
70	MCF7Cell_O-GlcNAc	825245	26165	2	757.4424	-0.00017	-0.11249	1.0023	1512.874376	1511.8671	K.TVAGQDAVIVLLGTR.N		sp|P30043|BLVRB_HUMAN		2	0.00015	1	25.8050	10.0310	1.0000	87.7937		0	12	28	0
71	MCF7Cell_O-GlcNAc	825245	19023	2	515.3180	-0.00149	-1.45235	-0.0006	1029.630176	1028.6229	R.TEIIILATR.T		sp|P23396|RS3_HUMAN		2	0.00015	1	24.3850	11.4240	1.0000	64.9155		0	12	16	0
72	MCF7Cell_O-GlcNAc	825245	7463	3	408.2184	-0.00192	-1.5707	-0.0008	1222.642576	1221.6353	R.TKFETEQALR.M		sp|P08727|K1C19_HUMAN	sp|Q04695|K1C17_HUMAN	2	0.00018	1	21.6990	12.4450	1.0000	27.4377		1	11	36	0
73	MCF7Cell_O-GlcNAc	825245	10266	2	461.2847	-0.00069	-0.74658	-0.0009	921.562776	920.5555	R.AHLGALLAR.Y		sp|P06307|CCKN_HUMAN		2	0.00019	1	15.6870	9.9120	1.0000	37.1304		0	8	16	0
74	MCF7Cell_O-GlcNAc	825245	22819	2	940.4101	0.01812	9.64248	-0.0001	1879.794776	1878.7875	R.SNMDNMFESYINNLR.R	3M(15.9949), 6M(15.9949)	sp|P05787|K2C8_HUMAN		2	0.00019	1	23.3780	0.0000	1.0000	77.4146		0	11	28	0
75	MCF7Cell_O-GlcNAc	825245	21059	2	630.8256	-0.00127	-1.01035	1.0053	1259.641776	1258.6345	K.TVTATFGYPFR.L		sp|Q16563|SYPL1_HUMAN		2	0.0002	1	20.6660	0.0000	1.0000	71.777		0	10	20	0
76	MCF7Cell_O-GlcNAc	825245	16537	2	584.8139	-0.00158	-1.3563	-0.0017	1168.621976	1167.6147	K.TGPNLHGLFGR.K		sp|P99999|CYC_HUMAN		2	0.0002	1	23.2580	7.5460	1.0000	57.1906		0	12	20	0
77	MCF7Cell_O-GlcNAc	825245	10202	2	497.7522	-0.00209	-2.1016	-0.0001	994.499176	993.4919	K.HLTDAYFK.K		sp|Q02878|RL6_HUMAN		2	0.00022	1	19.5280	9.5960	1.0000	36.9096		0	10	14	0
78	MCF7Cell_O-GlcNAc	825245	15046	3	560.6358	-0.00468	-2.7876	0.0026	1679.897576	1678.8903	K.HIANYISGIQTIGHR.V		sp|Q15393|SF3B3_HUMAN		2	0.00026	1	22.8390	0.0000	1.0000	52.5086		0	11	56	0
79	MCF7Cell_O-GlcNAc	825245	21190	2	616.8528	-0.00136	-1.10594	0.0006	1232.699676	1231.6924	K.LGFVSGLINQGK.V		sp|Q9Y487|VPP2_HUMAN		2	0.00026	1	16.1420	7.9350	1.0000	72.2001		0	8	22	0
80	MCF7Cell_O-GlcNAc	825245	3054	3	408.8666	-0.00355	-2.9048	-0.0022	1224.588776	1223.5815	R.TKTEISEMNR.N	8M(15.9949)	sp|P05787|K2C8_HUMAN		2	0.00027	1	23.2130	11.1920	1.0000	12.0565		1	12	36	0
81	MCF7Cell_O-GlcNAc	825245	20772	2	646.8470	-0.00106	-0.82035	0.0009	1292.687676	1291.6804	K.LMSALLSGLTDR.N	2M(15.9949)	sp|Q5VYK3|ECM29_HUMAN		2	0.0003	1	21.9540	12.4440	1.0000	70.7924		0	11	22	0
82	MCF7Cell_O-GlcNAc	825245	10166	2	476.3023	-0.0012	-1.26637	-0.0003	951.598476	950.5912	K.THAVLVALK.R		sp|P25786|PSA1_HUMAN		2	0.00033	1	23.4080	8.4130	1.0000	36.785		0	13	16	0
83	MCF7Cell_O-GlcNAc	825245	12994	2	577.2899	-0.00097	-0.83775	-0.0007	1153.573476	1152.5662	K.SSGTSYPDVLK.C		Contaminant_TRYP_BOVIN		2	0.00037	1	17.5470	0.0000	1.0000	46.0865		0	8	20	0
84	MCF7Cell_O-GlcNAc	825245	9651	2	696.8966	0.00145	1.0449	0.0002	1392.784476	1391.7772	K.TVTVTRPTGVSFK.K		sp|A5YKK6|CNOT1_HUMAN		2	0.00044	1	19.0180	10.0570	1.0000	35.0788		0	10	24	0
85	MCF7Cell_O-GlcNAc	825245	22150	2	803.4346	-0.00152	-0.94578	0.0008	1605.863476	1604.8562	R.GGYVLHIGTIYGDLK.V		sp|P49588|SYAC_HUMAN		2	0.00047	1	22.8300	11.0110	1.0000	75.2657		0	11	28	0
86	MCF7Cell_O-GlcNAc	825245	10430	3	543.5983	-0.00116	-0.70977	0.0007	1628.781476	1627.7742	R.SSGPYGGGGQYFAKPR.N		sp|P09651|ROA1_HUMAN		2	0.00047	1	22.8260	8.3940	1.0000	37.666		0	11	60	0
87	MCF7Cell_O-GlcNAc	825245	19731	2	760.4722	-0.00278	-1.82871	1.0033	1518.936476	1517.9292	R.LLIHQSLAGGIIGVK.G		sp|P61978|HNRPK_HUMAN		2	0.00049	1	22.7460	0.0000	1.0000	67.2933		0	11	28	0
88	MCF7Cell_O-GlcNAc	825245	22852	2	774.9225	-0.00023	-0.14902	0.0022	1548.837976	1547.8307	K.TGLIDYNQLALTAR.L		sp|P34897|GLYM_HUMAN		2	0.00051	1	23.6670	9.7140	1.0000	77.524		0	11	26	0
89	MCF7Cell_O-GlcNAc	825245	4304	2	530.7843	-0.00194	-1.82738	-0.0004	1060.563176	1059.5559	R.KLLEGEESR.L		sp|P05787|K2C8_HUMAN	sp|P08670|VIME_HUMAN, sp|P08729|K2C7_HUMAN, sp|P17661|DESM_HUMAN, sp|P41219|PERI_HUMAN	2	0.00053	1	23.9950	11.4540	1.0000	16.1792		1	12	16	0
90	MCF7Cell_O-GlcNAc	825245	13369	2	492.2740	-0.00135	-1.37604	0.0003	983.542076	982.5348	R.HGSLGFLPR.K		sp|P39023|RL3_HUMAN		2	0.00062	1	23.2030	11.7700	1.0000	47.2911		0	12	16	0
91	MCF7Cell_O-GlcNAc	825245	22822	2	940.4001	-0.00188	-1.00268	-0.0002	1879.794776	1878.7875	R.SNMDNMFESYINNLR.R	3M(15.9949), 6M(15.9949)	sp|P05787|K2C8_HUMAN		2	0.00067	1	19.2040	0.0000	1.0000	77.4246		0	9	28	0
92	MCF7Cell_O-GlcNAc	825245	14382	2	718.3671	-0.00272	-1.89799	1.0031	1434.726276	1433.7190	M.PYQYPALTPEQK.K		sp|P04075|ALDOA_HUMAN		2	0.00073	1	18.7570	8.4500	1.0000	50.4847		0	9	22	0
93	MCF7Cell_O-GlcNAc	825245	24601	2	635.3791	-0.00152	-1.19929	0.0009	1269.752376	1268.7451	R.TLVLLDNLNVR.E		sp|P39656|OST48_HUMAN		2	0.00079	1	22.9150	9.1370	1.0000	83.0319		0	11	20	0
94	MCF7Cell_O-GlcNAc	825245	28550	2	642.3858	-0.00377	-2.93968	0.0001	1283.767976	1282.7607	K.ALLTGLLDLQAR.Y		sp|P80404|GABT_HUMAN		2	0.00085	1	22.7770	9.5990	1.0000	94.9777		0	10	22	0
95	MCF7Cell_O-GlcNAc	825245	26770	2	716.3896	-0.02344	-16.38477	-0.0130	1431.795376	1430.7881	K.TGALLLQGFIQDR.A		sp|Q07812|BAX_HUMAN		2	0.00088	1	22.7200	15.4220	1.0000	89.6523		0	11	24	0
96	MCF7Cell_O-GlcNAc	825245	19224	2	740.8925	-0.00166	-1.12165	0.0023	1480.779376	1479.7721	K.TILPAAAQDVYYR.D		sp|P04843|RPN1_HUMAN		2	0.00089	1	20.6970	0.0000	1.0000	65.5814		0	9	24	0
97	MCF7Cell_O-GlcNAc	825245	3553	3	503.2337	-0.00129	-0.85651	-0.0011	1507.687776	1506.6805	R.LESGMQNMSIHTK.T	5M(15.9949), 8M(15.9949)	sp|P05787|K2C8_HUMAN		2	0.00108	1	20.4220	9.6810	1.0000	13.632		0	10	48	0
98	MCF7Cell_O-GlcNAc	825245	4715	2	610.8214	-0.00262	-2.15183	-0.0001	1220.638176	1219.6309	K.STGEPLGHVPAR.M		sp|Q93052|LPP_HUMAN		2	0.00108	1	21.3600	8.2970	1.0000	17.6391		0	11	22	0
99	MCF7Cell_O-GlcNAc	825245	8581	3	423.5501	-0.0024	-1.89403	-0.0007	1268.638176	1267.6309	K.HLSPDGQYVPR.I		sp|O95994|AGR2_HUMAN		2	0.0011	1	15.6800	8.5110	1.0000	31.3686		0	8	40	0
100	MCF7Cell_O-GlcNAc	825245	16207	2	867.4658	0.00231	1.33376	0.0007	1733.921976	1732.9147	K.YGLIYHASLVGQTSPK.H		sp|Q9Y2X3|NOP58_HUMAN		2	0.00118	1	21.2170	0.0000	1.0000	56.1257		0	10	30	0
101	MCF7Cell_O-GlcNAc	825245	13545	2	672.8841	-0.00242	-1.80017	0.0008	1344.763276	1343.7560	R.TFIAIKPDGVQR.G		sp|P15531|NDKA_HUMAN	sp|P22392|NDKB_HUMAN	2	0.00124	1	21.1300	0.0000	1.0000	47.8525		0	10	22	0
102	MCF7Cell_O-GlcNAc	825245	9886	2	532.7843	-0.00221	-2.08055	-0.0006	1064.563576	1063.5563	R.HWGGNVLGPK.S		sp|P62424|RL7A_HUMAN		2	0.00129	1	16.7210	10.8330	1.0000	35.8584		0	8	18	0
103	MCF7Cell_O-GlcNAc	825245	10469	2	589.3086	-0.00331	-2.80928	0.0004	1177.613276	1176.6060	K.EITALAPSTMK.I	10M(15.9949)	sp|P60709|ACTB_HUMAN	sp|P62736|ACTA_HUMAN, sp|P63261|ACTG_HUMAN, sp|P63267|ACTH_HUMAN, sp|P68032|ACTC_HUMAN, sp|P68133|ACTS_HUMAN	2	0.00132	1	17.9860	11.5190	1.0000	37.799		0	9	20	0
104	MCF7Cell_O-GlcNAc	825245	18527	2	581.3237	-0.00133	-1.14192	-0.0001	1161.641476	1160.6342	R.HGLINFGIYK.R		sp|O60341|KDM1A_HUMAN		2	0.00141	1	18.2780	10.9670	1.0000	63.3631		0	9	18	0
105	MCF7Cell_O-GlcNAc	825245	4775	2	489.7891	-0.00212	-2.16519	-0.0005	978.573076	977.5658	K.HQPTAIIAK.T		sp|P29401|TKT_HUMAN		2	0.00145	1	24.1450	7.8130	1.0000	17.8482		0	12	16	0
106	MCF7Cell_O-GlcNAc	825245	27840	2	720.8993	-0.00125	-0.87052	1.0025	1439.789176	1438.7819	R.VALTGLTVAEYFR.D		sp|P06576|ATPB_HUMAN		2	0.00148	1	22.1490	10.7730	1.0000	92.8221		0	10	24	0
107	MCF7Cell_O-GlcNAc	825245	22067	2	617.8240	0.00536	4.34707	0.0177	1234.635276	1233.6280	R.TLYFADTYLK.D		sp|Q6P1M3|L2GL2_HUMAN		2	0.00148	1	16.0140	0.0000	1.0000	74.9997		0	8	18	0
108	MCF7Cell_O-GlcNAc	825245	11040	2	663.3799	-0.00098	-0.74061	0.0001	1325.753476	1324.7462	R.DNIQGITKPAIR.R		sp|P62805|H4_HUMAN		2	0.00152	1	20.7760	0.0000	1.0000	39.6671		0	10	22	0
109	MCF7Cell_O-GlcNAc	825245	14792	2	481.2776	-0.00193	-2.00426	-0.0014	961.549876	960.5426	R.LMGSILGVR.R	2M(15.9949)	sp|Q15643|TRIPB_HUMAN		2	0.00164	1	16.1060	10.4270	1.0000	51.7317		0	8	16	0
110	MCF7Cell_O-GlcNAc	825245	10863	2	566.7660	-0.00215	-1.90154	0.0000	1132.526776	1131.5195	R.GYSFTTTAER.E		sp|P60709|ACTB_HUMAN	sp|P63261|ACTG_HUMAN	2	0.00165	1	18.6290	6.7040	1.0000	39.0842		0	9	18	0
111	MCF7Cell_O-GlcNAc	825245	6238	2	678.3490	-0.00058	-0.4247	0.0008	1355.691276	1354.6840	K.TIEAEAAHGTVTR.H		sp|P48735|IDHP_HUMAN		2	0.00169	1	20.5910	8.0750	1.0000	23.1162		0	10	24	0
112	MCF7Cell_O-GlcNAc	825245	7630	2	418.7580	-0.00133	-1.58929	-0.0006	836.510076	835.5028	R.HLQLAVR.N		sp|Q8IUE6|H2A2B_HUMAN		2	0.00181	1	20.4650	13.7200	1.0000	28.0194		0	11	12	0
113	MCF7Cell_O-GlcNAc	825245	3052	2	612.7970	-0.00208	-1.6981	-0.0009	1224.588776	1223.5815	R.TKTEISEMNR.N	8M(15.9949)	sp|P05787|K2C8_HUMAN		2	0.00188	1	21.3990	9.4460	1.0000	12.0492		1	11	18	0
114	MCF7Cell_O-GlcNAc	825245	6991	2	462.2741	-0.00115	-1.24874	-0.0007	923.542176	922.5349	R.HSVGVVIGR.S		sp|Q92945|FUBP2_HUMAN		2	0.0019	1	17.7170	11.2280	1.0000	25.7609		0	9	16	0
115	MCF7Cell_O-GlcNAc	825245	12645	2	823.9398	-0.00241	-1.46228	-0.0014	1646.874676	1645.8674	K.TGVAVNKPAEFTVDAK.H		sp|P21333|FLNA_HUMAN		2	0.00208	1	18.5960	11.4020	1.0000	44.9651		0	9	30	0
116	MCF7Cell_O-GlcNAc	825245	14905	2	660.3055	-0.00106	-0.80473	0.0001	1319.604676	1318.5974	K.SMSGYLSGFQAR.N	2M(15.9949)	sp|Q9NZM3|ITSN2_HUMAN		2	0.00212	1	21.1940	10.0670	1.0000	52.0794		0	10	22	0
117	MCF7Cell_O-GlcNAc	825245	16216	2	727.3970	-0.00423	-2.90837	0.0003	1453.790976	1452.7837	K.HQTLQGVAFPISR.E		sp|Q12792|TWF1_HUMAN		2	0.00249	1	21.9140	0.0000	1.0000	56.1543		0	10	24	0
118	MCF7Cell_O-GlcNAc	825245	5651	3	476.8970	-0.00222	-1.55761	-0.0009	1428.678676	1427.6714	R.SRAEAESMYQIK.Y	8M(15.9949)	sp|P05787|K2C8_HUMAN		2	0.00251	1	19.9040	8.8350	1.0000	20.9763		1	10	44	0
119	MCF7Cell_O-GlcNAc	825245	25870	3	822.7688	-0.00362	-1.46852	1.0039	2465.292276	2464.2850	R.TATESFASDPILYRPVAVALDTK.G		sp|P14618|KPYM_HUMAN		2	0.00254	1	18.1940	9.9880	0.9999	86.9173		0	8	88	0
120	MCF7Cell_O-GlcNAc	825245	21068	2	892.4605	-0.00868	-4.86853	-0.0020	1783.922476	1782.9152	R.VSLDVNHFAPDELTVK.T		sp|P04792|HSPB1_HUMAN		2	0.00276	1	11.7380	0.0000	1.0000	71.8043		0	4	30	0
121	MCF7Cell_O-GlcNAc	825245	13976	2	741.4072	0.00013	0.09046	0.0011	1481.806976	1480.7997	K.SQIHDIVLVGGSTR.I		sp|P11142|HSP7C_HUMAN		2	0.00301	1	21.5840	10.8740	1.0000	49.1909		0	10	26	0
122	MCF7Cell_O-GlcNAc	825245	26462	2	778.4286	-0.00189	-1.21873	-0.0037	1555.851776	1554.8445	R.TLVYGGIFLYPANK.K		sp|P09467|F16P1_HUMAN		2	0.00305	1	21.0660	8.0470	0.9997	88.6976		0	10	26	0
123	MCF7Cell_O-GlcNAc	825245	4866	2	456.2572	-0.00259	-2.8488	-0.0003	911.509676	910.5024	R.HVFGQPVK.N		sp|Q9BR76|COR1B_HUMAN		2	0.00319	1	18.0350	11.5620	1.0000	18.1723		0	9	14	0
124	MCF7Cell_O-GlcNAc	825245	3490	2	456.2138	-0.00137	-1.50133	-0.0007	911.421676	910.4144	R.SYTSGPGSR.I		sp|P05787|K2C8_HUMAN		2	0.00325	1	18.4540	7.3730	1.0000	13.4395		0	10	16	0
125	MCF7Cell_O-GlcNAc	825245	9671	3	408.8797	-0.00131	-1.07058	-0.0001	1224.625776	1223.6185	K.HIYYITGETK.D		sp|P07900|HS90A_HUMAN	sp|Q58FG0|HS905_HUMAN	2	0.00348	1	12.3810	6.9870	1.0000	35.1459		0	7	36	0
126	MCF7Cell_O-GlcNAc	825245	3562	2	577.2929	-0.01743	-15.1211	-0.0173	1153.595876	1152.5886	K.HSEVQQANLK.A		sp|P35606|COPB2_HUMAN		2	0.00348	1	23.9860	9.1260	0.9956	13.6571		0	14	18	0
127	MCF7Cell_O-GlcNAc	825245	18544	3	787.0546	-0.01046	-4.43626	0.0009	2359.159576	2358.1523	R.KDLYANTVLSGGTTMYPGIADR.M	15M(15.9949)	sp|P60709|ACTB_HUMAN	sp|P63261|ACTG_HUMAN	2	0.00394	1	17.1200	0.0000	0.9999	63.4179		1	9	84	0
128	MCF7Cell_O-GlcNAc	825245	15981	2	775.8842	-0.00261	-1.68444	0.0015	1550.763776	1549.7565	K.HYVYGPLPQSFDK.E		sp|P13073|COX41_HUMAN		2	0.00401	1	11.0870	0.0000	0.9999	55.3833		0	4	24	0
129	MCF7Cell_O-GlcNAc	825245	22338	2	777.4017	0.00013	0.08685	1.0059	1552.792576	1551.7853	K.TFAPEEISAMVLTK.M	10M(15.9949)	sp|P11021|BIP_HUMAN		2	0.00444	1	17.0900	8.5600	0.9963	75.8697		0	8	26	0
130	MCF7Cell_O-GlcNAc	825245	27314	2	873.4583	-0.00146	-0.83516	0.0017	1745.910876	1744.9036	R.TINLYPLTNYTFGTK.E		sp|O43809|CPSF5_HUMAN		2	0.00447	1	10.8970	0.0000	0.9999	91.254		0	4	28	0
131	MCF7Cell_O-GlcNAc	825245	13307	2	802.9324	-0.00664	-4.14211	0.0013	1604.864176	1603.8569	K.TKPYIQVDIGGGQTK.T		sp|P11021|BIP_HUMAN		2	0.0045	1	18.8870	0.0000	0.9988	47.0965		0	9	28	0
132	MCF7Cell_O-GlcNAc	825245	14952	2	669.3108	-0.01159	-8.67184	-0.0134	1337.625976	1336.6187	R.YALYDATYETK.E		sp|P23528|COF1_HUMAN	sp|Q9Y281|COF2_HUMAN	2	0.00462	1	17.8410	0.0000	0.9929	52.2184		0	8	20	0
133	MCF7Cell_O-GlcNAc	825245	20867	2	672.8837	-0.00322	-2.39552	0.0011	1344.763276	1343.7560	R.TFIAIKPDGVQR.G		sp|P15531|NDKA_HUMAN	sp|P22392|NDKB_HUMAN	2	0.00477	1	17.7850	7.6330	0.9985	71.1416		0	9	22	0
134	MCF7Cell_O-GlcNAc	825245	21985	2	1051.5048	-0.0023	-1.09574	1.0036	2101.001276	2099.9940	R.DMIILPEMVGSMVGVYNGK.T	12M(15.9949), 2M(15.9949), 8M(15.9949)	sp|P62841|RS15_HUMAN		2	0.00501	1	10.7020	0.0000	0.9991	74.7269		0	5	36	0
135	MCF7Cell_O-GlcNAc	825245	6339	2	435.7188	-0.0012	-1.38563	-0.0006	870.431576	869.4243	R.ISSSSFSR.V		sp|P05787|K2C8_HUMAN		2	0.00567	1	16.5390	14.5570	0.9996	23.4826		0	8	14	0
136	MCF7Cell_O-GlcNAc	825245	7460	2	462.2868	-0.00091	-0.98115	-0.0004	923.567276	922.5600	R.AVVTGLVHK.W		sp|Q4G176|ACSF3_HUMAN		2	0.00606	1	15.4960	9.5610	0.9996	27.4277		0	8	16	0
137	MCF7Cell_O-GlcNAc	825245	8683	2	421.7469	-0.00173	-2.05954	-0.0004	842.488276	841.4810	K.HILANFK.N		sp|P13693|TCTP_HUMAN	sp|Q56UQ5|TPT1L_HUMAN	2	0.00623	1	15.2300	10.3410	0.9996	31.7245		0	8	12	0
138	MCF7Cell_O-GlcNAc	825245	21056	2	630.3221	-0.00492	-3.90648	-0.0106	1259.641776	1258.6345	K.TVTATFGYPFR.L		sp|Q16563|SYPL1_HUMAN		2	0.00636	1	18.2870	0.0000	0.9803	71.7671		0	9	20	0
139	MCF7Cell_O-GlcNAc	825245	13436	2	777.8783	-0.00127	-0.81848	0.0001	1554.750576	1553.7433	R.QSSATSSFGGLGGGSVR.F		sp|P08727|K1C19_HUMAN		2	0.00645	1	18.2630	0.0000	0.9995	47.5107		0	8	32	0
140	MCF7Cell_O-GlcNAc	825245	14947	2	733.4108	0.00225	1.53468	0.0012	1465.812076	1464.8048	K.AQIHDLVLVGGSTR.I		sp|P0DMV8|HS71A_HUMAN	sp|P0DMV9|HS71B_HUMAN	2	0.00721	1	19.0690	0.0000	0.9994	52.2026		0	8	26	0
141	MCF7Cell_O-GlcNAc	825245	21150	2	647.8485	-0.00069	-0.53296	1.0045	1293.686976	1292.6797	R.IMFVDPSLTVR.A	2M(15.9949)	sp|O95994|AGR2_HUMAN	sp|Q8TD06|AGR3_HUMAN	2	0.00724	1	14.0130	7.1140	0.9953	72.0684		0	7	20	0
142	MCF7Cell_O-GlcNAc	825245	17434	2	600.8419	-0.0003	-0.25404	-0.0001	1200.676876	1199.6696	K.GGIVGMTLPIAR.D	6M(15.9949)	sp|Q99714|HCD2_HUMAN		2	0.00824	1	20.9740	9.8960	0.9991	60.0476		0	10	22	0
143	MCF7Cell_O-GlcNAc	825245	17082	2	646.8350	-0.00058	-0.44718	0.0011	1292.663276	1291.6560	R.THSDQFLVAFK.E		sp|P36542|ATPG_HUMAN		2	0.00859	1	16.7640	7.9410	0.9990	58.9038		0	9	20	0
144	MCF7Cell_O-GlcNAc	825245	19712	2	759.9703	-0.00322	-2.12199	0.0006	1518.936476	1517.9292	R.LLIHQSLAGGIIGVK.G		sp|P61978|HNRPK_HUMAN		2	0.0086	1	15.7610	10.8130	0.9990	67.2328		0	7	28	0
145	MCF7Cell_O-GlcNAc	825245	11860	2	689.3172	-0.00225	-1.63161	0.0028	1377.629376	1376.6221	R.GGGGNFGPGPGSNFR.G		sp|P22626|ROA2_HUMAN		2	0.00865	1	16.7510	0.0000	0.9938	42.434		0	8	28	0
146	MCF7Cell_O-GlcNAc	825245	12685	3	635.6364	-0.00372	-1.95416	0.0009	1904.898376	1903.8911	R.SLLEGQEDHYNNLSASK.V		sp|P08727|K1C19_HUMAN		2	0.0096	1	16.5710	0.0000	0.9972	45.0931		0	8	64	0
147	MCF7Cell_O-GlcNAc	825245	21991	2	1051.0000	-0.00855	-4.06964	0.0014	2101.001276	2099.9940	R.DMIILPEMVGSMVGVYNGK.T	12M(15.9949), 2M(15.9949), 8M(15.9949)	sp|P62841|RS15_HUMAN		2	0.00978	1	13.5390	0.0000	0.9986	74.7448		0	7	36	0
148	MCF7Cell_O-GlcNAc	825245	3550	2	754.3465	-0.00211	-1.40308	-0.0002	1507.687776	1506.6805	R.LESGMQNMSIHTK.T	5M(15.9949), 8M(15.9949)	sp|P05787|K2C8_HUMAN		2	0.00993	1	18.5130	0.0000	0.9986	13.6234		0	8	24	0
149	MCF7Cell_O-GlcNAc	825245	13462	2	476.2892	-0.00225	-2.36769	0.0000	951.573376	950.5661	R.AALTGLLHR.T		sp|P55084|ECHB_HUMAN		2	0.01012	1	19.4800	10.2260	0.9985	47.5953		0	10	16	0
150	MCF7Cell_O-GlcNAc	825245	14305	2	521.3054	-0.00154	-1.48065	-0.0006	1041.605076	1040.5978	R.IVLQIDNAR.L		sp|P08727|K1C19_HUMAN	sp|P05783|K1C18_HUMAN	2	0.01035	1	20.4410	12.1900	0.9985	50.2427		0	9	16	0
151	MCF7Cell_O-GlcNAc	825245	2144	2	403.2151	0.00268	3.33682	0.0054	805.420276	804.4130	K.HITGSYK.V		sp|Q15046|SYK_HUMAN		2	0.01068	1	14.4150	7.9530	0.9578	8.6946		0	9	12	0
152	MCF7Cell_O-GlcNAc	825245	10315	3	526.2737	-0.00452	-2.87048	-0.0036	1576.811076	1575.8038	M.TQNTVIVNGVAMASR.P	12M(15.9949)	sp|Q3YBM2|T176B_HUMAN		2	0.01079	1	13.6440	0.0000	0.9765	37.2931		0	7	56	0
153	MCF7Cell_O-GlcNAc	825245	12478	2	533.2817	-0.00132	-1.24443	0.0002	1065.557476	1064.5502	K.LEAEIATYR.R		sp|P05783|K1C18_HUMAN		2	0.01085	1	19.2950	10.7980	0.9983	44.4468		0	9	16	0
154	MCF7Cell_O-GlcNAc	825245	25878	3	822.4362	0.00194	0.78562	0.0041	2465.292276	2464.2850	R.TATESFASDPILYRPVAVALDTK.G		sp|P14618|KPYM_HUMAN		2	0.01137	1	17.2770	0.0000	0.9656	86.9402		0	8	88	0
155	MCF7Cell_O-GlcNAc	825245	19136	2	578.2918	-0.00292	-2.52869	0.0000	1155.579176	1154.5719	R.TAGTLFGEGFR.A		sp|Q5T9A4|ATD3B_HUMAN	sp|Q9NVI7|ATD3A_HUMAN	2	0.01158	1	17.2450	0.0000	0.9981	65.2898		0	8	20	0
156	MCF7Cell_O-GlcNAc	825245	11707	2	636.8371	-0.00252	-1.98408	-0.0012	1272.669376	1271.6621	K.TQIDHYVGIAR.D		sp|O95197|RTN3_HUMAN		2	0.01182	1	19.2100	0.0000	0.9971	41.9145		0	8	20	0
157	MCF7Cell_O-GlcNAc	825245	28053	2	822.4739	0.00392	2.3869	0.0014	1643.936576	1642.9293	K.TFVNITPAEVGVLVGK.D		sp|P07737|PROF1_HUMAN		2	0.01304	1	15.0390	0.0000	0.9976	93.48		0	7	30	0
158	MCF7Cell_O-GlcNAc	825245	15616	2	445.7719	-0.00137	-1.53817	-0.0007	890.537876	889.5306	K.TLVLLMGK.E	6M(15.9949)	sp|P07737|PROF1_HUMAN		2	0.01373	1	14.8690	8.9010	0.9965	54.2295		0	8	14	0
159	MCF7Cell_O-GlcNAc	825245	11993	2	651.3213	-0.00182	-1.40114	0.0007	1301.637176	1300.6299	R.ISVYYNEATGGK.Y		sp|P07437|TBB5_HUMAN		2	0.01374	1	15.9480	0.0000	0.9974	42.8678		0	7	22	0
160	MCF7Cell_O-GlcNAc	825245	16018	2	475.7808	-0.00134	-1.4109	0.0006	950.555676	949.5484	K.TIIFVETK.R		sp|Q92841|DDX17_HUMAN		2	0.01459	1	12.2200	8.0700	0.9971	55.5056		0	6	14	0
161	MCF7Cell_O-GlcNAc	825245	15187	2	425.7317	-0.00083	-0.98231	0.0001	850.456976	849.4497	R.FGPGVAFR.A		sp|P08727|K1C19_HUMAN		2	0.01481	1	14.8180	6.7680	0.9971	52.9202		0	8	14	0
162	MCF7Cell_O-GlcNAc	825245	23552	2	857.9582	-0.00305	-1.78005	0.0004	1714.912176	1713.9049	K.SSGPTSLFAVTVAPPGAR.Q		sp|Q00839|HNRPU_HUMAN		2	0.01589	1	16.6960	0.0000	0.9967	79.7614		0	8	34	0
163	MCF7Cell_O-GlcNAc	825245	8491	2	570.2944	-0.00281	-2.46404	0.0000	1139.584276	1138.5770	K.HYVYSTLTR.N		sp|Q5T0W9|FA83B_HUMAN		2	0.01675	1	16.6040	0.0000	0.9964	31.0607		0	8	16	0
164	MCF7Cell_O-GlcNAc	825245	17049	2	843.4309	-0.00595	-3.53203	-0.0033	1685.860376	1684.8531	R.TSILAAANPISGHYDR.S		sp|Q14566|MCM6_HUMAN		2	0.01686	1	8.5930	0.0000	0.9799	58.7977		0	4	30	0
165	MCF7Cell_O-GlcNAc	825245	9607	2	612.8153	-0.00253	-2.07049	0.0011	1224.625776	1223.6185	K.HIYYITGETK.D		sp|P07900|HS90A_HUMAN	sp|Q58FG0|HS905_HUMAN	2	0.01749	1	14.3370	7.3250	0.9962	34.9351		0	8	18	0
166	MCF7Cell_O-GlcNAc	825245	9320	2	533.8034	-0.00079	-0.74029	-0.0003	1066.600276	1065.5930	K.TALIHDGLAR.G		sp|P25398|RS12_HUMAN		2	0.01838	1	13.4430	0.0000	0.9959	33.9167		0	8	18	0
167	MCF7Cell_O-GlcNAc	825245	14934	2	660.8067	-0.00202	-1.52885	1.0036	1319.604676	1318.5974	K.SMSGYLSGFQAR.N	2M(15.9949)	sp|Q9NZM3|ITSN2_HUMAN		2	0.0187	1	16.4130	0.0000	0.9822	52.1655		0	7	22	0
168	MCF7Cell_O-GlcNAc	825245	28209	2	717.4006	-0.00586	-4.09064	-0.0028	1433.799776	1432.7925	K.SVDPTLALSVYLR.A		sp|Q00610|CLH1_HUMAN		2	0.02015	1	17.2830	0.0000	0.9738	93.9456		0	8	24	0
169	MCF7Cell_O-GlcNAc	825245	9996	2	425.7656	-0.00178	-2.09198	-0.0007	850.525676	849.5184	R.HLQLAIR.N		sp|P04908|H2A1B_HUMAN	sp|P0C0S5|H2AZ_HUMAN, sp|P0C0S8|H2A1_HUMAN, sp|P16104|H2AX_HUMAN, sp|P20671|H2A1D_HUMAN, sp|Q16777|H2A2C_HUMAN, sp|Q6FI13|H2A2A_HUMAN, sp|Q71UI9|H2AV_HUMAN, sp|Q7L7L0|H2A3_HUMAN, sp|Q93077|H2A1C_HUMAN, sp|Q96KK5|H2A1H_HUMAN, sp|Q96QV6|H2A1A_HUMAN, sp|Q99878|H2A1J_HUMAN, sp|Q9BTM1|H2AJ_HUMAN	2	0.02031	1	19.2690	11.7130	0.9939	36.2046		0	10	12	0
170	MCF7Cell_O-GlcNAc	825245	5761	2	619.3297	-0.00134	-1.08336	0.0004	1237.653376	1236.6461	K.HLIPAANTGESK.V		sp|P62258|1433E_HUMAN		2	0.02065	1	17.2400	0.0000	0.9951	21.3757		0	8	22	0
171	MCF7Cell_O-GlcNAc	825245	11977	2	723.3737	0.00188	1.299	0.0012	1445.738276	1444.7310	R.HQSFVLVGETGSGK.T		sp|O43143|DHX15_HUMAN		2	0.02165	1	17.1580	0.0000	0.9947	42.8185		0	8	26	0
172	MCF7Cell_O-GlcNAc	825245	14058	2	569.2776	0.00171	1.50163	0.0015	1137.546276	1136.5390	K.ESYSVYVYK.V		sp|O60814|H2B1K_HUMAN	sp|P57053|H2BFS_HUMAN, sp|P58876|H2B1D_HUMAN, sp|P62807|H2B1C_HUMAN, sp|Q5QNW6|H2B2F_HUMAN, sp|Q93079|H2B1H_HUMAN, sp|Q99877|H2B1N_HUMAN, sp|Q99879|H2B1M_HUMAN, sp|Q99880|H2B1L_HUMAN	2	0.02174	1	15.1510	6.8120	0.9892	49.4615		0	8	16	0
173	MCF7Cell_O-GlcNAc	825245	10900	2	548.8082	-0.00175	-1.59932	0.0000	1096.610776	1095.6035	K.HLLIGVSSDR.G		sp|P36542|ATPG_HUMAN		2	0.02192	1	18.1370	10.6870	0.9946	39.2007		0	9	18	0
174	MCF7Cell_O-GlcNAc	825245	4324	2	451.7340	-0.00104	-1.15791	-0.0005	902.461776	901.4545	K.TYFTDKK.T		sp|P27824|CALX_HUMAN		2	0.02254	1	14.0880	7.7850	0.9944	16.2525		1	8	12	0
175	MCF7Cell_O-GlcNAc	825245	7809	2	540.2598	0.00076	0.70808	-0.0009	1079.511576	1078.5043	K.AQYEDIANR.S		sp|P05787|K2C8_HUMAN	sp|O95678|K2C75_HUMAN	2	0.02321	1	15.0370	0.0000	0.9921	28.675		0	7	16	0
176	MCF7Cell_O-GlcNAc	825245	7984	2	488.2294	-0.00147	-1.5039	-0.0009	975.452976	974.4457	R.STFSTNYR.S		sp|P05783|K1C18_HUMAN		2	0.02523	1	14.8920	7.2880	0.9908	29.289		0	7	14	0.00518
177	MCF7Cell_O-GlcNAc	825245	23406	3	720.3816	-0.00392	-1.81631	-0.0009	2159.134276	2158.1270	R.VGSHITGGDIYGIVSENSLIK.H		sp|P38606|VATA_HUMAN		2	0.02578	1	12.8550	0.0000	0.9790	79.2949		0	6	80	0.00518
178	MCF7Cell_O-GlcNAc	825245	10673	2	802.9305	-0.00257	-1.60065	0.0026	1604.856276	1603.8490	K.TMAVTPGTTTLPATVK.V	2M(15.9949)	sp|P51610|HCFC1_HUMAN		2	0.0263	1	12.8200	0.0000	0.9772	38.4568		0	5	30	0.00518
179	MCF7Cell_O-GlcNAc	825245	10052	2	624.3404	-0.00067	-0.54144	0.0012	1247.674176	1246.6669	K.TPVEPEVAIHR.I		sp|P60866|RS20_HUMAN		2	0.02695	1	12.7780	6.7950	0.9926	36.3866		0	8	20	0.00518
180	MCF7Cell_O-GlcNAc	825245	13945	2	457.2948	-0.00055	-0.6076	0.0003	913.582876	912.5756	K.LVIITAGAR.Q		sp|P00338|LDHA_HUMAN	sp|Q6ZMR3|LDH6A_HUMAN, sp|Q9BYZ2|LDH6B_HUMAN	2	0.02711	1	17.8610	12.1160	0.9928	49.0951		0	8	16	0.00518
181	MCF7Cell_O-GlcNAc	825245	5116	2	411.7500	-0.00168	-2.0433	-0.0003	822.494376	821.4871	R.HVQGILR.G		sp|A8MWD9|RUXGL_HUMAN	sp|P62308|RUXG_HUMAN	2	0.02775	1	12.7270	9.8720	0.9925	19.053		0	8	12	0.00518
182	MCF7Cell_O-GlcNAc	825245	20208	2	731.8814	-0.00139	-0.95356	0.0003	1462.756876	1461.7496	K.SDIGEVILVGGMTR.M	12M(15.9949)	sp|P38646|GRP75_HUMAN		2	0.02786	1	15.7200	0.0000	0.9925	68.8712		0	7	26	0.00518
183	MCF7Cell_O-GlcNAc	825245	21133	2	647.3477	0.00107	0.82455	0.0019	1293.686976	1292.6797	R.IMFVDPSLTVR.A	2M(15.9949)	sp|O95994|AGR2_HUMAN	sp|Q8TD06|AGR3_HUMAN	2	0.03491	1	13.3280	0.0000	0.9732	72.0118		0	6	20	0.00518
184	MCF7Cell_O-GlcNAc	825245	3343	2	443.2127	-0.00318	-3.59035	-0.0007	885.421376	884.4141	R.THYDPPR.K		sp|P31943|HNRH1_HUMAN	sp|P55795|HNRH2_HUMAN	2	0.0372	1	15.2180	8.2820	0.9849	12.9691		0	8	12	0.00518
185	MCF7Cell_O-GlcNAc	825245	9193	2	473.7475	-0.00159	-1.68443	-0.0001	946.489376	945.4821	R.HYIFNPR.K		sp|Q9NYU2|UGGG1_HUMAN		2	0.03906	1	15.1330	0.0000	0.9879	33.4767		0	7	12	0.01005
186	MCF7Cell_O-GlcNAc	825245	18990	2	477.3045	-0.00122	-1.28249	-0.0004	953.602876	952.5956	R.LLLPGELAK.H		sp|O60814|H2B1K_HUMAN	sp|P06899|H2B1J_HUMAN, sp|P23527|H2B1O_HUMAN, sp|P33778|H2B1B_HUMAN, sp|P57053|H2BFS_HUMAN, sp|P58876|H2B1D_HUMAN, sp|P62807|H2B1C_HUMAN, sp|Q16778|H2B2E_HUMAN, sp|Q5QNW6|H2B2F_HUMAN, sp|Q8N257|H2B3B_HUMAN, sp|Q93079|H2B1H_HUMAN, sp|Q96A08|H2B1A_HUMAN, sp|Q99877|H2B1N_HUMAN, sp|Q99879|H2B1M_HUMAN, sp|Q99880|H2B1L_HUMAN	2	0.04283	1	19.9730	13.9820	0.9863	64.8073		0	9	16	0.01005
187	MCF7Cell_O-GlcNAc	825245	14999	2	474.7791	-0.00032	-0.33964	0.0003	948.551276	947.5440	K.TIFQGIAAK.V		sp|P52209|6PGD_HUMAN		2	0.04592	1	11.6180	7.9930	0.9849	52.3615		0	6	16	0.01005
188	MCF7Cell_O-GlcNAc	825245	16021	2	744.3541	-0.00027	-0.18205	0.0018	1487.701076	1486.6938	R.TTPSYVAFTDTER.L		sp|P0DMV8|HS71A_HUMAN	sp|P0DMV9|HS71B_HUMAN, sp|P11142|HSP7C_HUMAN, sp|P17066|HSP76_HUMAN, sp|P34931|HS71L_HUMAN, sp|P48741|HSP77_HUMAN, sp|P54652|HSP72_HUMAN	2	0.04764	1	13.7880	0.0000	0.9762	55.5155		0	7	24	0.01456
189	MCF7Cell_O-GlcNAc	825245	14302	2	414.2179	-0.00122	-1.47583	-0.0001	827.429776	826.4225	K.FASFIDK.V		sp|P05787|K2C8_HUMAN	Contaminant_K22E_HUMAN, Contaminant_K2C1_HUMAN, sp|O95678|K2C75_HUMAN, sp|P02538|K2C6A_HUMAN, sp|P04259|K2C6B_HUMAN, sp|P04264|K2C1_HUMAN, sp|P08729|K2C7_HUMAN, sp|P12035|K2C3_HUMAN, sp|P13647|K2C5_HUMAN, sp|P19013|K2C4_HUMAN, sp|P35908|K22E_HUMAN, sp|P48668|K2C6C_HUMAN, sp|Q01546|K22O_HUMAN, sp|Q14CN4|K2C72_HUMAN, sp|Q3SY84|K2C71_HUMAN, sp|Q5XKE5|K2C79_HUMAN, sp|Q7RTS7|K2C74_HUMAN, sp|Q7Z794|K2C1B_HUMAN, sp|Q86Y46|K2C73_HUMAN, sp|Q8N1N4|K2C78_HUMAN, sp|Q9NSB2|KRT84_HUMAN	2	0.04853	1	13.7560	7.8590	0.9837	50.2337		0	8	12	0.01456
190	MCF7Cell_O-GlcNAc	825245	13210	2	475.3126	-0.00134	-1.41161	0.0001	949.619276	948.6120	K.HLIVLINK.M		sp|P15170|ERF3A_HUMAN	sp|Q8IYD1|ERF3B_HUMAN	2	0.05152	1	16.6520	11.6450	0.9823	46.8015		0	8	14	0.01456
191	MCF7Cell_O-GlcNAc	825245	14324	2	717.8670	0.00043	0.30246	-0.0011	1434.726276	1433.7190	M.PYQYPALTPEQK.K		sp|P04075|ALDOA_HUMAN		2	0.05245	1	12.6210	0.0000	0.9799	50.3035		0	5	22	0.01456
192	MCF7Cell_O-GlcNAc	825245	4856	2	490.2505	-0.0018	-1.83501	-0.0011	979.495576	978.4883	K.AVVGYSGNGR.A		sp|Q96KV7|WDR90_HUMAN		2	0.05956	1	11.7220	5.7430	0.9629	18.1393		0	6	18	0.01794
193	MCF7Cell_O-GlcNAc	825245	10574	2	447.2467	-0.0018	-2.01577	-0.0007	893.487876	892.4806	K.HFYSLVK.Q		sp|Q96HY7|DHTK1_HUMAN		2	0.071	1	13.0950	0.0000	0.9681	38.1437		0	7	12	0.01794
194	MCF7Cell_O-GlcNAc	825245	2323	2	464.7345	-0.00177	-1.90994	-0.0001	928.463476	927.4562	K.HGVYNPNK.I		sp|P40926|MDHM_HUMAN		2	0.07349	1	13.0350	0.0000	0.9721	9.3537		0	7	14	0.01794
195	MCF7Cell_O-GlcNAc	825245	22643	2	598.8010	-0.00386	-3.22958	-0.0011	1196.598576	1195.5913	K.SYLYFTQFK.A		sp|Q969H8|MYDGF_HUMAN		2	0.07383	1	13.0270	0.0000	0.9615	76.8588		0	6	16	0.01794
196	MCF7Cell_O-GlcNAc	825245	13046	2	578.8081	-0.00195	-1.68935	-0.0001	1156.610776	1155.6035	R.HITIFSPEGR.L		sp|P60900|PSA6_HUMAN		2	0.08156	1	13.5090	12.6300	0.9683	46.2503		0	7	18	0.01794
197	MCF7Cell_O-GlcNAc	825245	16303	2	610.3613	-0.00035	-0.28352	0.0008	1219.715676	1218.7084	K.LNITSLQFKR.S		sp|Q3B726|RPA43_HUMAN		2	0.09677	1	13.5570	7.5420	0.9615	56.4397		1	6	18	0.01794
198	MCF7Cell_O-GlcNAc	825245	9791	2	419.2263	-0.00113	-1.34919	-0.0003	837.446476	836.4392	R.LASYLDR.V		sp|P05783|K1C18_HUMAN		2	0.10703	1	12.3820	8.7900	0.9569	35.5401		0	7	12	0.02232
199	MCF7Cell_O-GlcNAc	825245	21543	2	626.8333	-0.00119	-0.94867	0.0011	1252.660476	1251.6532	K.TLQIFNIEMK.S	9M(15.9949)	sp|Q00610|CLH1_HUMAN	sp|P53675|CLH2_HUMAN	2	0.11919	1	11.1950	0.0000	0.9516	73.3235		0	6	18	0.03043
200	MCF7Cell_O-GlcNAc	825245	4156	3	368.8398	-0.00196	-1.77699	-0.0003	1104.506776	1103.4995	R.QDEHGYISR.C		sp|P04792|HSPB1_HUMAN		2	0.12317	1	11.1380	0.0000	0.9557	15.6575		0	6	32	0.03043
