Unique_Seq_ID	Mass_Correction_Tag	Position
2	-1.98700	30
5	+14.0041	32
6	+14.0220	109
8	+491.061	33
14	+13.9857	32
27	-114.043	57
34	+16.0017	2
37	+15.9985	1
42	+119.005	37
43	+32.0000	5
46	+15.9932	17
51	-287.183	65
52	+16.0135	46
59	-115.050	1
60	+14.0180	86
63	-75.0674	67
65	+13.9803	28
71	+15.9966	54
73	+485.147	2
75	Acetyl	1
77	+16.0085	1
84	-3.00890	1
87	+16.0135	17
89	+14.9953	45
94	-189.164	66
95	Acetyl	1
96	+15.9974	13
98	-188.896	66
99	+16.1587	85
104	Plus1Oxy	22
105	+28.0290	62
106	+15.9966	1
107	+27.9975	1
109	+14.0207	41
110	-188.128	66
111	+15.9998	2
113	+15.0026	1
118	+15.9959	1
120	+15.9966	12
121	-2.01660	10
124	+15.9998	49
125	+16.0024	87
128	+28.0335	62
129	-131.037	5
130	+15.9974	44
131	Dimethyl	62
134	-131.038	9
140	Acetyl	1
140	-157.052	5
141	-1.00220	47
142	-99.0542	1
144	Acetyl	1
144	-173.049	48
147	-2.01090	18
149	-115.046	1
151	+15.0075	7
155	+16.0085	5
158	+87.0343	24
162	-115.044	1
163	+15.9985	27
165	+15.9966	33
166	Plus1Oxy	32
168	-2.01740	39
172	+14.9909	45
176	+15.9939	82
178	-205.872	65
180	-2.00720	1
181	Acetyl	1
181	-177.081	17
186	+13.0161	40
187	+31.9954	1
189	+387.177	39
190	+379.219	1
192	+15.9966	1
194	-2.01920	24
195	-2.01660	74
196	Acetyl	1
197	Acetyl	1
197	+15.9985	53
199	+143.062	93
200	Acetyl	1
204	+14.9966	29
205	+15.9932	36
206	+16.0078	15
207	+14.0198	57
208	+29.9657	27
210	-2.00920	1
212	+15.9974	4
214	+15.0035	3
215	+16.0135	71
216	Acetyl	1
216	-10.0176	18
220	-3.00800	52
221	+379.643	1
222	+15.9993	1
223	+41.0078	90
224	-2.01660	31
225	-3.01210	43
226	+378.646	1
231	-100.057	1
237	+243.132	1
239	+13.0117	40
241	-103.067	62
244	-117.060	9
245	+16.0085	1
250	-3.02570	11
252	-117.025	1
253	+14.0169	51
260	+15.0045	16
264	+119.010	22
266	-18.0127	12
268	-4.02600	16
273	+15.9927	2
275	-1.81970	1
277	+47.9872	10
281	+27.9379	22
283	+276.115	64
288	+31.9983	48
291	AmOxButa	33
293	-2.01660	10
295	Acetyl	1
295	-26.0079	7
296	-115.047	1
300	+44.1192	57
301	+485.149	2
302	-2.01740	34
303	Acetyl	1
303	-42.0061	3
304	+76.9609	33
305	+15.9993	1
306	+16.0070	1
307	-1.59950	22
309	-116.049	1
310	Acetyl	1
310	+458.124	47
312	+29.0151	49
314	+46.9858	13
316	-4.02830	14
318	-16.8938	1
319	Acetyl	1
319	-42.0093	24
320	-2.01090	1
321	Plus1Oxy	20
322	-2.01800	22
325	+77.9588	27
327	Acetyl	1
327	-42.0099	3
328	-4.03190	10
335	-117.068	7
337	Acetyl	1
337	-28.0266	6
338	+15.9974	6
339	Guanid	38
341	+15.9966	2
342	+27.9419	16
344	+44.0236	62
345	-117.084	94
346	+16.1930	48
349	+146.078	1
350	Acetyl	1
350	-42.0179	3
354	-2.02500	1
356	+27.9404	16
357	+46.6814	30
360	+15.9959	1
363	-177.461	58
367	Acetyl	1
