Result_ID	Unique_Seq_ID
1	1
2	2
3	3
4	4
5	5
6	6
7	7
8	8
9	9
10	10
11	4
12	11
13	12
14	13
15	13
16	4
17	14
18	15
19	16
20	17
21	3
22	18
23	19
24	20
25	4
26	21
27	17
28	12
29	22
30	23
31	7
32	24
33	25
34	26
35	22
36	15
37	27
38	28
39	29
40	30
41	15
42	31
43	32
44	33
45	20
46	28
47	34
48	29
49	35
50	9
51	36
52	37
53	26
54	38
55	39
56	40
57	41
58	42
59	43
60	25
61	44
62	29
63	45
64	46
65	47
66	48
67	4
68	22
69	29
70	49
71	50
72	51
73	52
74	53
75	54
76	19
77	47
78	10
79	55
80	28
81	56
82	57
83	58
84	59
85	60
86	61
87	62
88	54
89	63
90	64
91	65
92	66
93	67
94	68
95	69
96	35
97	70
98	71
99	72
100	73
101	74
102	75
103	57
104	76
105	77
106	78
107	79
108	80
109	81
110	22
111	82
112	83
113	84
114	85
115	86
116	87
117	88
118	89
119	90
120	91
121	92
122	93
123	92
124	94
125	95
126	96
127	38
128	97
129	98
130	99
131	100
132	82
133	101
134	36
135	102
136	20
137	103
138	104
139	40
140	105
141	101
142	106
143	107
144	108
145	109
146	110
147	111
148	72
149	112
150	113
151	114
152	115
153	116
154	117
155	35
156	118
157	31
158	114
159	119
160	120
161	81
162	121
163	69
164	38
165	9
166	122
167	123
168	124
169	122
170	125
171	126
172	95
173	127
174	128
175	129
176	130
177	131
178	132
179	133
180	4
181	134
182	135
183	136
184	137
185	40
186	138
187	139
188	140
189	141
190	142
191	78
192	143
193	143
194	144
195	145
196	146
197	147
198	148
199	149
200	150
201	151
202	15
203	152
204	35
205	153
206	154
207	155
208	148
209	156
210	35
211	157
212	158
213	46
214	159
215	1
216	160
217	161
218	162
219	163
220	164
221	165
222	45
223	166
224	167
225	168
226	169
227	70
228	170
229	171
230	112
231	172
232	95
233	173
234	35
235	174
236	175
237	176
238	17
239	177
240	178
241	179
242	180
243	181
244	182
245	156
246	183
247	75
248	184
249	185
250	156
251	186
252	57
253	187
254	85
255	116
256	188
257	189
258	190
259	24
260	191
261	85
262	192
263	193
264	80
265	85
266	194
267	9
268	68
269	195
270	196
271	47
272	123
273	197
274	198
275	122
276	112
277	199
278	200
279	3
280	35
281	201
282	202
283	203
284	204
285	205
286	206
287	207
288	208
289	209
290	210
291	211
292	212
293	213
294	214
295	215
296	164
297	216
298	217
299	218
300	219
301	220
302	221
303	222
304	223
305	224
306	225
307	116
308	226
309	227
310	35
311	1
312	228
313	169
314	229
315	230
316	231
317	232
318	233
319	39
320	153
321	234
322	235
323	61
324	236
325	213
326	200
327	237
328	35
329	238
330	239
331	240
332	241
333	242
334	135
335	243
336	244
337	245
338	246
339	115
340	247
341	248
342	249
343	35
344	3
345	250
346	251
347	252
348	253
349	164
350	152
351	254
352	255
353	85
354	256
355	257
356	258
357	35
358	259
359	260
360	35
361	261
362	262
363	263
364	264
365	115
366	35
367	265
368	35
369	266
370	267
371	7
372	268
373	269
374	270
375	271
376	75
377	272
378	196
379	273
380	274
381	275
382	35
383	276
384	277
385	278
386	35
387	279
388	280
389	281
390	282
391	283
392	35
393	201
394	123
395	148
396	284
397	35
398	285
399	286
400	287
401	288
402	289
403	290
404	291
405	292
406	293
407	35
408	294
409	164
410	270
411	255
412	35
413	295
414	85
415	85
416	296
417	297
418	298
419	299
420	300
421	301
422	302
423	303
424	304
425	305
426	47
427	35
428	306
429	307
430	308
431	309
432	310
433	115
434	311
435	312
436	313
437	232
438	314
439	315
440	35
441	316
442	317
443	318
444	319
445	320
446	321
447	322
448	323
449	324
450	325
451	326
452	327
453	328
454	329
455	330
456	331
457	287
458	249
459	332
460	333
461	334
462	335
463	336
464	337
465	338
466	339
467	340
468	341
469	342
470	343
471	344
472	35
473	345
474	346
475	347
476	292
477	348
478	349
479	350
480	351
481	352
482	353
483	354
484	271
485	355
486	356
487	357
488	358
489	197
490	359
491	287
492	360
493	361
494	358
495	362
496	132
497	363
498	364
499	365
500	366
501	367
