Result_ID	Unique_Seq_ID
1	1
2	2
3	3
4	4
5	5
6	6
7	7
8	4
9	5
10	4
11	4
12	8
13	9
14	10
15	9
16	9
17	11
18	11
19	11
20	12
21	11
22	11
23	13
24	13
25	13
26	14
27	15
28	16
29	17
30	18
31	19
32	19
33	19
34	20
35	21
36	22
37	23
38	24
39	25
40	26
41	27
42	28
43	29
44	30
45	30
46	31
47	32
48	33
49	34
50	35
51	36
52	37
53	38
54	39
55	39
56	39
57	39
58	39
59	39
60	39
61	39
62	40
63	41
64	41
65	41
66	42
67	43
68	44
69	44
70	45
71	44
72	46
73	47
74	48
75	49
76	50
77	50
78	50
79	50
80	50
81	50
82	51
83	50
84	50
85	50
86	50
87	52
88	52
89	52
90	52
91	53
92	54
93	55
94	56
95	57
96	55
97	58
98	59
99	60
100	61
101	62
102	63
103	64
104	65
105	66
106	67
107	68
108	69
109	70
110	71
111	72
112	70
113	73
114	74
115	75
116	76
117	77
118	77
119	78
120	79
121	80
122	81
123	81
124	82
125	82
126	83
127	84
128	85
129	86
130	87
131	87
132	88
133	89
134	90
135	91
136	92
137	93
138	94
139	95
140	96
141	97
142	98
143	99
144	100
145	101
146	102
147	102
148	103
149	104
150	105
151	106
152	107
153	108
154	109
155	110
156	111
157	112
158	113
159	114
160	115
161	116
162	117
163	118
164	118
165	117
166	118
167	119
168	118
169	119
170	120
171	117
172	118
173	118
174	120
175	121
176	122
177	123
178	124
179	125
180	126
181	127
182	127
183	127
184	127
185	128
186	129
187	130
188	130
189	131
190	132
191	131
192	133
193	134
194	135
195	135
196	136
197	136
198	137
199	138
200	139
201	140
202	140
203	141
204	142
205	143
206	143
207	143
208	143
209	142
210	144
211	142
212	143
213	145
214	146
215	147
216	147
217	148
218	149
219	150
220	151
221	152
222	153
223	154
224	154
225	155
226	156
227	157
228	158
229	158
230	159
231	160
232	160
233	160
234	161
235	162
236	163
237	164
238	165
239	166
240	167
241	167
242	168
243	169
244	170
245	170
246	171
247	172
248	173
249	174
250	175
251	175
252	176
253	177
254	178
255	178
256	177
257	179
258	180
259	181
260	181
261	182
262	183
263	183
264	184
265	185
266	186
267	187
268	187
269	188
270	189
271	190
272	190
273	191
274	192
275	193
276	192
277	194
278	195
279	194
280	195
281	196
282	197
283	198
284	199
285	198
286	200
287	201
288	202
289	203
290	204
291	205
292	206
293	207
294	208
295	209
296	210
297	211
298	212
299	213
300	214
301	215
302	216
303	217
304	218
305	219
306	220
307	221
308	222
309	223
310	224
311	225
312	226
313	226
314	225
315	227
316	228
317	229
318	230
319	231
320	231
321	232
322	233
323	234
324	235
325	236
326	237
327	237
328	238
329	238
330	239
331	239
332	240
333	241
334	241
335	242
336	243
337	242
338	244
339	245
340	246
341	246
342	247
343	248
344	249
345	249
346	249
347	250
348	250
349	251
350	252
351	253
352	254
353	255
354	256
355	257
356	258
357	259
358	260
359	261
360	262
361	263
362	264
363	265
364	266
365	267
366	267
367	268
368	269
369	270
370	271
371	272
372	273
373	273
374	274
375	275
376	276
377	275
378	277
379	278
380	279
381	280
382	281
383	282
384	283
385	284
386	283
387	283
388	285
389	286
390	287
391	287
392	288
393	289
394	290
395	286
396	291
397	292
398	293
399	294
400	295
401	296
402	297
403	298
404	299
405	300
406	301
407	302
408	303
409	303
410	304
411	304
412	305
413	306
414	307
415	308
416	309
417	310
418	309
419	311
420	312
421	313
422	314
423	315
424	316
425	317
426	318
427	319
428	320
429	320
430	321
431	322
432	323
433	324
434	325
435	326
436	327
437	327
438	328
439	328
440	329
441	330
442	331
443	332
444	333
445	333
446	334
447	335
448	336
449	336
450	337
451	338
452	339
453	340
454	340
455	341
456	341
457	342
458	343
459	344
460	345
461	346
462	347
463	347
464	348
465	349
466	348
467	347
468	347
469	348
470	350
471	351
472	352
473	353
474	354
475	355
476	356
477	357
478	358
479	358
480	359
481	360
482	361
483	362
484	363
485	364
486	365
487	366
488	367
489	368
490	369
491	370
492	370
493	371
494	371
495	371
496	372
497	373
498	374
499	375
500	376
501	376
502	375
503	377
504	377
505	378
506	379
507	380
508	379
509	379
510	381
511	382
512	383
513	383
514	384
515	385
516	385
517	386
518	385
519	387
520	388
521	387
522	387
523	389
524	389
525	390
526	391
527	392
528	392
529	391
530	391
531	391
532	393
533	391
534	391
535	392
536	392
537	391
538	392
539	391
540	391
541	391
542	392
543	391
544	392
545	391
546	392
547	392
548	391
549	391
550	392
551	392
552	392
553	392
554	394
555	392
556	394
557	394
558	392
559	391
560	391
561	392
562	391
563	395
564	392
565	392
566	392
567	392
568	391
569	391
570	391
571	392
572	396
573	391
574	392
575	391
576	397
577	398
578	398
579	399
580	400
581	400
582	400
583	401
584	400
585	400
586	400
587	400
588	400
589	400
590	400
591	400
592	400
593	401
594	401
595	401
596	401
597	400
598	401
599	402
600	403
601	404
602	404
603	405
604	406
605	404
606	406
607	406
608	406
609	404
610	407
611	404
612	408
613	404
614	404
615	404
616	404
617	404
618	406
619	404
620	409
621	410
622	410
623	411
624	412
625	413
626	412
627	414
628	415
629	416
630	417
631	418
632	419
633	417
634	417
635	420
636	421
637	422
638	423
639	423
640	424
641	425
642	426
643	427
644	427
645	428
646	429
647	430
648	431
649	432
650	433
651	434
652	435
653	436
654	437
655	438
656	439
657	440
658	440
659	441
660	442
661	443
662	444
663	445
664	446
665	447
666	448
667	447
668	448
669	449
670	450
671	451
672	452
673	453
674	452
675	454
676	454
677	455
678	455
679	455
680	455
681	455
682	455
683	455
684	455
685	455
686	455
687	456
688	457
689	457
690	457
691	458
692	459
693	460
694	461
695	462
696	463
697	463
698	463
699	464
700	465
701	466
702	465
703	466
704	465
705	465
706	465
707	466
708	466
709	467
710	468
711	469
712	470
713	469
714	470
715	471
716	472
717	473
718	473
719	474
720	475
721	476
722	477
723	478
724	479
725	480
726	481
727	482
728	483
729	484
730	485
731	486
732	486
733	486
734	486
735	486
736	486
737	486
738	486
739	487
740	488
741	489
742	490
743	490
744	491
745	491
746	491
747	492
748	493
749	494
750	494
751	495
752	495
753	494
754	496
755	497
756	496
757	498
758	499
759	499
760	499
761	500
762	500
763	499
764	501
765	502
766	503
767	504
768	505
769	506
770	505
771	507
772	508
773	509
774	510
775	511
776	512
777	511
778	512
779	513
780	514
781	515
782	516
783	517
784	518
785	519
786	520
787	520
788	521
789	521
790	522
791	523
792	524
793	525
794	526
795	527
796	527
797	528
798	529
799	530
800	531
801	532
802	533
803	534
804	535
805	536
806	536
807	537
808	538
809	538
810	539
811	540
812	541
813	542
814	543
815	544
816	545
817	546
818	547
819	548
820	548
821	549
822	550
823	550
824	551
825	550
826	550
827	552
828	553
829	554
830	555
831	556
832	556
833	557
834	557
835	558
836	559
837	560
838	560
839	559
840	561
841	561
842	562
843	563
844	563
845	564
846	565
847	566
848	567
849	567
850	568
851	569
852	570
853	570
854	569
855	570
856	570
857	571
858	571
859	572
860	572
861	573
862	574
863	575
864	576
865	576
866	577
867	577
868	576
869	576
870	576
871	578
872	579
873	580
874	581
875	582
876	583
877	584
878	585
879	586
880	587
881	586
882	587
883	587
884	583
885	587
886	586
887	587
888	588
889	584
890	586
891	587
892	581
893	587
894	582
895	589
896	587
897	585
898	587
899	586
900	582
901	586
902	586
903	586
904	586
905	587
906	587
907	587
908	581
909	586
910	587
911	589
912	590
913	590
914	590
915	590
916	590
917	590
918	590
919	591
920	591
921	592
922	593
923	594
924	594
925	595
926	596
927	597
928	598
929	598
930	598
931	598
932	598
933	598
934	598
935	598
936	598
937	598
938	598
939	598
940	598
941	598
942	598
943	598
944	598
945	598
946	598
947	598
948	598
949	598
950	598
951	598
952	598
953	598
954	598
955	598
956	598
957	598
958	599
959	600
960	601
961	602
962	603
963	604
964	605
965	606
966	607
967	608
968	609
969	610
970	610
971	611
972	612
973	612
974	613
975	614
976	615
977	616
978	616
979	617
980	618
981	619
982	620
983	621
984	622
985	622
986	622
987	623
988	624
989	624
990	625
991	626
992	626
993	627
994	627
995	626
996	628
997	629
998	630
999	631
1000	632
1001	633
1002	634
1003	635
1004	636
1005	637
1006	637
1007	638
1008	639
1009	640
1010	641
1011	642
1012	643
1013	644
1014	645
1015	646
1016	647
1017	648
1018	649
1019	650
1020	651
1021	652
1022	653
1023	654
1024	655
1025	656
1026	657
1027	658
1028	659
1029	660
1030	660
1031	661
1032	662
1033	662
1034	663
1035	664
1036	665
1037	666
1038	667
1039	668
1040	669
1041	669
1042	670
1043	670
1044	671
1045	672
1046	673
1047	674
1048	675
1049	674
1050	676
1051	677
1052	678
1053	679
1054	680
1055	681
1056	682
1057	683
1058	684
1059	685
1060	686
1061	687
1062	686
1063	688
1064	689
1065	690
1066	691
1067	692
1068	693
1069	694
1070	695
1071	696
1072	697
1073	696
1074	698
1075	699
1076	700
1077	701
1078	702
1079	703
1080	704
1081	703
1082	703
1083	705
1084	706
1085	707
1086	708
1087	709
1088	710
1089	711
1090	711
1091	711
1092	712
1093	713
1094	714
1095	714
1096	715
1097	716
1098	716
1099	717
1100	718
1101	719
1102	720
1103	720
1104	721
1105	722
1106	723
1107	724
1108	725
1109	726
1110	727
1111	728
1112	729
1113	730
1114	731
1115	732
1116	733
1117	734
1118	735
1119	736
1120	737
1121	737
1122	738
1123	739
1124	740
1125	741
1126	742
1127	743
1128	744
1129	745
1130	746
1131	747
1132	748
1133	749
1134	750
1135	750
1136	751
1137	752
1138	753
1139	754
1140	754
1141	755
1142	756
1143	757
1144	758
1145	758
1146	759
1147	760
1148	761
1149	762
1150	763
1151	762
1152	764
1153	765
1154	764
1155	766
1156	767
1157	768
1158	769
1159	770
1160	769
1161	771
1162	772
1163	773
1164	773
1165	774
1166	775
1167	776
1168	776
1169	777
1170	778
1171	779
1172	780
1173	781
1174	782
1175	783
1176	784
1177	785
1178	786
1179	787
1180	788
1181	788
1182	789
1183	790
1184	791
1185	792
1186	793
1187	794
1188	795
1189	795
1190	795
1191	796
1192	797
1193	798
1194	798
1195	799
1196	798
1197	800
1198	801
1199	802
1200	802
1201	802
1202	803
1203	804
1204	805
1205	806
1206	807
1207	808
1208	808
1209	809
1210	810
1211	811
1212	812
1213	813
1214	814
1215	815
1216	816
1217	817
1218	817
1219	818
1220	819
1221	820
1222	821
1223	821
1224	822
1225	823
1226	824
1227	825
1228	825
1229	826
1230	826
1231	827
1232	828
1233	829
1234	830
1235	831
1236	832
1237	833
1238	834
1239	834
1240	835
1241	836
1242	837
1243	838
1244	839
1245	840
1246	840
1247	841
1248	842
1249	843
1250	844
1251	845
1252	846
1253	846
1254	847
1255	847
1256	848
1257	849
1258	850
1259	851
1260	852
1261	851
1262	852
1263	853
1264	853
1265	853
1266	854
1267	855
1268	856
1269	857
1270	857
1271	858
1272	857
1273	859
1274	860
1275	860
1276	860
1277	860
1278	860
1279	860
1280	860
1281	860
1282	861
1283	860
1284	860
1285	860
1286	860
1287	860
1288	860
1289	860
1290	862
1291	863
1292	863
1293	863
1294	863
1295	863
1296	864
1297	865
1298	866
1299	866
1300	867
1301	868
1302	868
1303	867
1304	869
1305	870
1306	871
1307	872
1308	873
1309	874
1310	875
1311	876
1312	876
1313	877
1314	878
1315	879
1316	880
1317	881
1318	882
1319	883
1320	884
1321	885
1322	886
1323	887
1324	888
1325	889
1326	889
1327	888
1328	890
1329	891
1330	892
1331	893
1332	894
1333	895
1334	896
1335	897
1336	898
1337	899
1338	900
1339	901
1340	902
1341	903
1342	904
1343	905
1344	906
1345	907
1346	908
1347	909
1348	910
1349	911
1350	912
1351	913
1352	914
1353	915
1354	916
1355	915
1356	917
1357	918
1358	919
1359	920
1360	920
1361	921
1362	922
1363	921
1364	923
1365	924
1366	925
1367	926
1368	927
1369	928
1370	929
1371	930
1372	931
1373	932
1374	933
1375	933
1376	933
1377	934
1378	935
1379	936
1380	935
1381	936
1382	937
1383	938
1384	939
1385	940
1386	940
1387	941
1388	942
1389	943
1390	944
1391	945
1392	946
1393	947
1394	948
1395	949
1396	950
1397	951
1398	952
1399	952
1400	953
1401	954
1402	955
1403	956
1404	957
1405	958
1406	959
1407	960
1408	961
1409	962
1410	963
1411	964
1412	965
1413	966
1414	967
1415	968
1416	969
1417	970
1418	971
1419	972
1420	972
1421	973
1422	974
1423	975
1424	976
1425	977
1426	978
1427	979
1428	980
1429	981
1430	982
1431	983
1432	984
1433	985
1434	986
1435	987
1436	988
1437	989
1438	990
1439	990
1440	991
1441	992
1442	993
1443	994
1444	995
1445	996
1446	997
1447	997
1448	998
1449	999
1450	1000
1451	1001
1452	1002
1453	1003
1454	1003
1455	1004
1456	1005
1457	1006
1458	1007
1459	1008
1460	1009
1461	1009
1462	1010
1463	1011
1464	1012
1465	1013
1466	1014
1467	1014
1468	1015
1469	1016
1470	1017
1471	1018
1472	1019
1473	1020
1474	1020
1475	1021
1476	1022
1477	1023
1478	1024
1479	1025
1480	1026
1481	1027
1482	1028
1483	1029
1484	1030
1485	1031
1486	1032
1487	1033
1488	1034
1489	1035
1490	1036
1491	1037
1492	1038
1493	1039
1494	1040
1495	1041
1496	1042
1497	1043
1498	1044
1499	1045
1500	1045
1501	1045
1502	1046
1503	1047
1504	1048
1505	1049
1506	1050
1507	1051
1508	1052
1509	1051
1510	1053
1511	1054
1512	1055
1513	1056
1514	1057
1515	1058
1516	1058
1517	1059
1518	1060
1519	1061
1520	1060
1521	1062
1522	1062
1523	1063
1524	1063
1525	1064
1526	1065
1527	1066
1528	1067
1529	1066
1530	1068
1531	1066
1532	1069
1533	1070
1534	1070
1535	1071
1536	1072
1537	1073
1538	1074
1539	1075
1540	1076
1541	1077
1542	1078
1543	1079
1544	1080
1545	1081
1546	1082
1547	1082
1548	1080
1549	1083
1550	1084
1551	1085
1552	1086
1553	1086
1554	1087
1555	1088
1556	1089
1557	1090
1558	1091
1559	1092
1560	1093
1561	1094
1562	1095
1563	1096
1564	1097
1565	1098
1566	1099
1567	1100
1568	1101
1569	1101
1570	1102
1571	1103
1572	1104
1573	1105
1574	1105
1575	1105
1576	1106
1577	1106
1578	1107
1579	1107
1580	1108
1581	1109
1582	1109
1583	1110
1584	1111
1585	1112
1586	1113
1587	1113
1588	1114
1589	1115
1590	1115
1591	1116
1592	1116
1593	1117
1594	1117
1595	1118
1596	1118
1597	1119
1598	1120
1599	1121
1600	1122
1601	1122
1602	1123
1603	1124
1604	1125
1605	1126
1606	1127
1607	1128
1608	1129
1609	1130
1610	1131
1611	1132
1612	1132
1613	1132
1614	1132
1615	1133
1616	1134
1617	1135
1618	1136
1619	1137
1620	1138
1621	1137
1622	1135
1623	1135
1624	1137
1625	1137
1626	1136
1627	1138
1628	1139
1629	1140
1630	1141
1631	1141
1632	1142
1633	1143
1634	1144
1635	1145
1636	1146
1637	1147
1638	1148
1639	1148
1640	1149
1641	1149
1642	1150
1643	1151
1644	1151
1645	1152
1646	1152
1647	1153
1648	1153
1649	1153
1650	1154
1651	1155
1652	1156
1653	1157
1654	1158
1655	1159
1656	1160
1657	1161
1658	1162
1659	1163
1660	1164
1661	1164
1662	1165
1663	1166
1664	1166
1665	1167
1666	1167
1667	1168
1668	1169
1669	1169
1670	1170
1671	1171
1672	1172
1673	1172
1674	1173
1675	1173
1676	1174
1677	1175
1678	1176
1679	1177
1680	1178
1681	1179
1682	1180
1683	1181
1684	1182
1685	1183
1686	1184
1687	1185
1688	1186
1689	1187
1690	1188
1691	1189
1692	1189
1693	1190
1694	1191
1695	1192
1696	1193
1697	1194
1698	1195
1699	1196
1700	1197
1701	1198
1702	1199
1703	1200
1704	1200
1705	1201
1706	1202
1707	1203
1708	1203
1709	1204
1710	1205
1711	1206
1712	1207
1713	1208
1714	1209
1715	1210
1716	1210
1717	1211
1718	1212
1719	1208
1720	1211
1721	1213
1722	1214
1723	1214
1724	1215
1725	1216
1726	1217
1727	1218
1728	1219
1729	1220
1730	1221
1731	1222
1732	1223
1733	1224
1734	1225
1735	1226
1736	1227
1737	1228
1738	1229
1739	1230
1740	1231
1741	1232
1742	1233
1743	1233
1744	1234
1745	1235
1746	1236
1747	1237
1748	1238
1749	1239
1750	1240
1751	1241
1752	1242
1753	1243
1754	1244
1755	1245
1756	1246
1757	1247
1758	1248
1759	1249
1760	1250
1761	1251
1762	1252
1763	1253
1764	1254
1765	1255
1766	1256
1767	1257
1768	1258
1769	1259
1770	1260
1771	1261
1772	1262
1773	1263
1774	1263
1775	1264
1776	1265
1777	1266
1778	1267
1779	1268
1780	1269
1781	1270
1782	1271
1783	1272
1784	1273
1785	1274
1786	1275
1787	1276
1788	1276
1789	1277
1790	1278
1791	1279
1792	1280
1793	1281
1794	1282
1795	1283
1796	1283
1797	1284
1798	1285
1799	1286
1800	1287
1801	1288
1802	1289
1803	1290
1804	1291
1805	1292
1806	1293
1807	1294
1808	1295
1809	1296
1810	1297
1811	1298
1812	1299
1813	1300
1814	1301
1815	1302
1816	1303
1817	1304
1818	1304
1819	1304
1820	1305
1821	1305
1822	1306
1823	1306
1824	1307
1825	1308
1826	1308
1827	1309
1828	1310
1829	1311
1830	1312
1831	1313
1832	1314
1833	1313
1834	1315
1835	1316
1836	1317
1837	1318
1838	1319
1839	1320
1840	1321
1841	1322
1842	1323
1843	1324
1844	1325
1845	1326
1846	1326
1847	1327
1848	1328
1849	1328
1850	1329
1851	1330
1852	1331
1853	1332
1854	1333
1855	1334
1856	1335
1857	1336
1858	1337
1859	1338
1860	1339
1861	1340
1862	1341
1863	1341
1864	1342
1865	1343
1866	1344
1867	1344
1868	1345
1869	1346
1870	1347
1871	1348
1872	1349
1873	1350
1874	1351
1875	1351
1876	1352
1877	1353
1878	1354
1879	1355
1880	1356
1881	1357
1882	1358
1883	1359
1884	1360
1885	1361
1886	1362
1887	1363
1888	1364
1889	1365
1890	1366
1891	1366
1892	1367
1893	1368
1894	1369
1895	1370
1896	1371
1897	1372
1898	1373
1899	1374
1900	1375
1901	1376
1902	1377
1903	1378
1904	1379
1905	1380
1906	1381
1907	1382
1908	1383
1909	1384
1910	1385
1911	1385
1912	1386
1913	1386
1914	1387
1915	1387
1916	1388
1917	1389
1918	1390
1919	1391
1920	1390
1921	1392
1922	1392
1923	1393
1924	1394
1925	1395
1926	1396
1927	1397
1928	1398
1929	1399
1930	1400
1931	1401
1932	1402
1933	1403
1934	1404
1935	1405
1936	1405
1937	1406
1938	1406
1939	1407
1940	1408
1941	1409
1942	1410
1943	1411
1944	1411
1945	1411
1946	1412
1947	1413
1948	1414
1949	1415
1950	1416
1951	1415
1952	1417
1953	1418
1954	1419
1955	1420
1956	1421
1957	1422
1958	1423
1959	1424
1960	1425
1961	1424
1962	1426
1963	1427
1964	1428
1965	1429
1966	1430
1967	1431
1968	1431
1969	1431
1970	1431
1971	1431
1972	1431
1973	1431
1974	1431
1975	1431
1976	1431
1977	1431
1978	1431
1979	1431
1980	1431
1981	1431
1982	1431
1983	1431
1984	1431
1985	1432
1986	1433
1987	1434
1988	1434
1989	1435
1990	1436
1991	1437
1992	1438
1993	1437
1994	1439
1995	1440
1996	1441
1997	1442
1998	1443
1999	1444
2000	1445
2001	1446
2002	1447
2003	1448
2004	1449
2005	1450
2006	1450
2007	1451
2008	1452
2009	1453
2010	1454
2011	1455
2012	1455
2013	1456
2014	1457
2015	1458
2016	1458
2017	1458
2018	1459
2019	1460
2020	1461
2021	1462
2022	1463
2023	1464
2024	1465
2025	1466
2026	1466
2027	1467
2028	1467
2029	1468
2030	1469
2031	1470
2032	1471
2033	1472
2034	1473
2035	1474
2036	1475
2037	1476
2038	1477
2039	1477
2040	1478
2041	1479
2042	1480
2043	1481
2044	1481
2045	1482
2046	1483
2047	1484
2048	1485
2049	1486
2050	1486
2051	1487
2052	1488
2053	1489
2054	1490
2055	1491
2056	1492
2057	1493
2058	1494
2059	1495
2060	1496
2061	1497
2062	1498
2063	1499
2064	1500
2065	1501
2066	1501
2067	1502
2068	1503
2069	1504
2070	1505
2071	1506
2072	1507
2073	1508
2074	1509
2075	1510
2076	1511
2077	1511
2078	1512
2079	1513
2080	1514
2081	1515
2082	1516
2083	1517
2084	1517
2085	1518
2086	1519
2087	1520
2088	1521
2089	1522
2090	1523
2091	1524
2092	1525
2093	1526
2094	1527
2095	1528
2096	1529
2097	1529
2098	1530
2099	1531
2100	1532
2101	1533
2102	1534
2103	1535
2104	1536
2105	1537
2106	1538
2107	1539
2108	1540
2109	1541
2110	1542
2111	1543
2112	1544
2113	1545
2114	1546
2115	1547
2116	1548
2117	1549
2118	1550
2119	1551
2120	1552
2121	1553
2122	1554
2123	1555
2124	1556
2125	1557
2126	1558
2127	1559
2128	1560
2129	1561
2130	1562
2131	1563
2132	1564
2133	1565
2134	1566
2135	1567
2136	1567
2137	1567
2138	1567
2139	1567
2140	1568
2141	1569
2142	1570
2143	1570
2144	1571
2145	1572
2146	1571
2147	1573
2148	1574
2149	1575
2150	1575
2151	1575
2152	1575
2153	1576
2154	1577
2155	1578
2156	1579
2157	1580
2158	1581
2159	1582
2160	1583
2161	1584
2162	1585
2163	1586
2164	1587
2165	1588
2166	1589
2167	1590
2168	1591
2169	1592
2170	1591
2171	1593
2172	1594
2173	1592
2174	1593
2175	1592
2176	1593
2177	1595
2178	1596
2179	1597
2180	1598
2181	1598
2182	1599
2183	1600
2184	1601
2185	1602
2186	1603
2187	1604
2188	1605
2189	1606
2190	1607
2191	1608
2192	1609
2193	1610
2194	1611
2195	1612
2196	1613
2197	1614
2198	1615
2199	1616
2200	1617
2201	1618
2202	1619
2203	1620
2204	1621
2205	1622
2206	1622
2207	1623
2208	1624
2209	1625
2210	1626
2211	1627
2212	1628
2213	1629
2214	1630
2215	1631
2216	1632
2217	1633
2218	1634
2219	1635
2220	1635
2221	1636
2222	1637
2223	1638
2224	1639
2225	1640
2226	1641
2227	1642
2228	1643
2229	1643
2230	1643
2231	1644
2232	1645
2233	1646
2234	1647
2235	1648
2236	1649
2237	1650
2238	1650
2239	1651
2240	1652
2241	1653
2242	1654
2243	1655
2244	1656
2245	1657
2246	1658
2247	1659
2248	1659
2249	1660
2250	1661
2251	1662
2252	1663
2253	1664
2254	1664
2255	1665
2256	1666
2257	1667
2258	1668
2259	1669
2260	1670
2261	1671
2262	1672
2263	1673
2264	1674
2265	1675
2266	1676
2267	1675
2268	1677
2269	1678
2270	1678
2271	1679
2272	1680
2273	1681
2274	1682
2275	1683
2276	1684
2277	1685
2278	1686
2279	1687
2280	1687
2281	1688
2282	1689
2283	1690
2284	1691
2285	1692
2286	1693
2287	1694
2288	1695
2289	1696
2290	1697
2291	1698
2292	1699
2293	1700
2294	1701
2295	1702
2296	1703
2297	1703
2298	1704
2299	1705
2300	1706
2301	1707
2302	1708
2303	1708
2304	1709
2305	1710
2306	1711
2307	1712
2308	1713
2309	1714
2310	1715
2311	1716
2312	1717
2313	1717
2314	1718
2315	1719
2316	1719
2317	1720
2318	1721
2319	1722
2320	1723
2321	1724
2322	1724
2323	1723
2324	1725
2325	1726
2326	1727
2327	1728
2328	1729
2329	1730
2330	1731
2331	1732
2332	1733
2333	1734
2334	1733
2335	1735
2336	1736
2337	1737
2338	1738
2339	1739
2340	1740
2341	1741
2342	1742
2343	1743
2344	1744
2345	1745
2346	1746
2347	1747
2348	1748
2349	1749
2350	1750
2351	1751
2352	1752
2353	1753
2354	1754
2355	1755
2356	1756
2357	1757
2358	1758
2359	1758
2360	1758
2361	1758
2362	1759
2363	1760
2364	1761
2365	1762
2366	1763
2367	1764
2368	1765
2369	1766
2370	1767
2371	1768
2372	1769
2373	1770
2374	1771
2375	1772
2376	1773
2377	1774
2378	1775
2379	1775
2380	1776
2381	1777
2382	1778
2383	1779
2384	1780
2385	1781
2386	1782
2387	1783
2388	1784
2389	1785
2390	1785
2391	1786
2392	1787
2393	1787
2394	1787
2395	1788
2396	1789
2397	1790
2398	1791
2399	1792
2400	1792
2401	1793
2402	1794
2403	1795
2404	1796
2405	1797
2406	1798
2407	1799
2408	1800
2409	1801
2410	1802
2411	1803
2412	1803
2413	1804
2414	1805
2415	1806
2416	1807
2417	1808
2418	1809
2419	1810
2420	1811
2421	1812
2422	1813
2423	1814
2424	1815
2425	1816
2426	1817
2427	1818
2428	1819
2429	1820
2430	1821
2431	1822
2432	1823
2433	1824
2434	1825
2435	1826
2436	1826
2437	1827
2438	1828
2439	1829
2440	1830
2441	1831
2442	1832
2443	1833
2444	1834
2445	1835
2446	1836
2447	1837
2448	1838
2449	1839
2450	1840
2451	1841
2452	1842
2453	1843
2454	1844
2455	1844
2456	1845
2457	1846
2458	1847
2459	1847
2460	1848
2461	1849
2462	1849
2463	1850
2464	1850
2465	1851
2466	1852
2467	1853
2468	1854
2469	1855
2470	1856
2471	1857
2472	1858
2473	1859
2474	1859
2475	1860
2476	1861
2477	1862
2478	1863
2479	1864
2480	1865
2481	1866
2482	1867
2483	1868
2484	1869
2485	1870
2486	1871
2487	1871
2488	1871
2489	1872
2490	1873
2491	1874
2492	1874
2493	1875
2494	1876
2495	1876
2496	1877
2497	1878
2498	1878
2499	1879
2500	1880
2501	1881
2502	1882
2503	1883
2504	1884
2505	1884
2506	1885
2507	1886
2508	1887
2509	1888
2510	1889
2511	1890
2512	1891
2513	1892
2514	1893
2515	1893
2516	1894
2517	1895
2518	1896
2519	1897
2520	1898
2521	1899
2522	1899
2523	1900
2524	1901
2525	1902
2526	1903
2527	1903
2528	1904
2529	1905
2530	1905
2531	1906
2532	1907
2533	1908
2534	1909
2535	1910
2536	1911
2537	1912
2538	1913
2539	1914
2540	1914
2541	1915
2542	1915
2543	1916
2544	1917
2545	1918
2546	1919
2547	1920
2548	1921
2549	1920
2550	1920
2551	1922
2552	1923
2553	1924
2554	1925
2555	1926
2556	1927
2557	1928
2558	1929
2559	1930
2560	1931
2561	1932
2562	1933
2563	1934
2564	1935
2565	1935
2566	1936
2567	1937
2568	1938
2569	1939
2570	1940
2571	1939
2572	1941
2573	1942
2574	1943
2575	1944
2576	1945
2577	1945
2578	1945
2579	1946
2580	1946
2581	1947
2582	1948
2583	1949
2584	1950
2585	1951
2586	1952
2587	1953
2588	1954
2589	1955
2590	1956
2591	1957
2592	1958
2593	1958
2594	1959
2595	1959
2596	1960
2597	1961
2598	1962
2599	1963
2600	1964
2601	1965
2602	1966
2603	1967
2604	1968
2605	1969
2606	1970
2607	1971
2608	1972
2609	1973
2610	1973
2611	1974
2612	1975
2613	1976
2614	1977
2615	1978
2616	1979
2617	1980
2618	1981
2619	1980
2620	1982
2621	1982
2622	1983
2623	1984
2624	1985
2625	1986
2626	1987
2627	1988
2628	1989
2629	1990
2630	1991
2631	1992
2632	1993
2633	1994
2634	1995
2635	1996
2636	1997
2637	1998
2638	1999
2639	2000
2640	2001
2641	2002
2642	2003
2643	2004
2644	2005
2645	2006
2646	2007
2647	2008
2648	2008
2649	2009
2650	2010
2651	2011
2652	2012
2653	2013
2654	2014
2655	2015
2656	2016
2657	2017
2658	2018
2659	2018
2660	2019
2661	2020
2662	2021
2663	2022
2664	2023
2665	2024
2666	2025
2667	2025
2668	2026
2669	2027
2670	2028
2671	2028
2672	2029
2673	2030
2674	2031
2675	2032
2676	2033
2677	2034
2678	2035
2679	2036
2680	2037
2681	2038
2682	2039
2683	2040
2684	2041
2685	2042
2686	2043
2687	2044
2688	2045
2689	2046
2690	2047
2691	2048
2692	2049
2693	2050
2694	2051
2695	2052
2696	2053
2697	2054
2698	2055
2699	2056
2700	2057
2701	2057
2702	2058
2703	2059
2704	2060
2705	2061
2706	2062
2707	2063
2708	2064
2709	2065
2710	2066
2711	2066
2712	2067
2713	2068
2714	2069
2715	2070
2716	2071
2717	2072
2718	2073
2719	2074
2720	2075
2721	2076
2722	2077
2723	2078
2724	2079
2725	2080
2726	2081
2727	2082
2728	2083
2729	2084
2730	2084
2731	2085
2732	2086
2733	2087
2734	2088
2735	2088
2736	2089
2737	2090
2738	2091
2739	2092
2740	2093
2741	2094
2742	2095
2743	2095
2744	2096
2745	2097
2746	2097
2747	2098
2748	2099
2749	2100
2750	2101
2751	2102
2752	2103
2753	2104
2754	2105
2755	2106
2756	2107
2757	2108
2758	2109
2759	2110
2760	2111
2761	2112
2762	2113
2763	2114
2764	2115
2765	2116
2766	2117
2767	2118
2768	2119
2769	2120
2770	2121
2771	2122
2772	2123
2773	2124
2774	2125
2775	2126
2776	2127
2777	2128
2778	2129
2779	2130
2780	2131
2781	2132
2782	2133
2783	2134
2784	2135
2785	2136
2786	2137
2787	2138
2788	2139
2789	2140
2790	2141
2791	2142
2792	2143
2793	2144
2794	2145
2795	2146
2796	2147
2797	2148
2798	2149
2799	2150
2800	2151
2801	2152
2802	2153
2803	2154
2804	2155
2805	2156
2806	2157
2807	2158
2808	2159
2809	2159
2810	2160
2811	2161
2812	2162
2813	2163
2814	2164
2815	2165
2816	2166
2817	2167
2818	2168
2819	2169
2820	2170
2821	2171
2822	2172
2823	2173
2824	2174
2825	2175
2826	2175
2827	2176
2828	2177
2829	2178
2830	2179
2831	2180
2832	2181
2833	2182
2834	2183
2835	2184
2836	2185
2837	2186
2838	2187
2839	2188
2840	2189
2841	2190
2842	2191
2843	2192
2844	2193
2845	2194
2846	2195
2847	2196
2848	2196
2849	2197
2850	2198
2851	2198
2852	2197
2853	2199
2854	2200
2855	2201
2856	2202
2857	2203
2858	2204
2859	2205
2860	2206
2861	2207
2862	2207
2863	2208
2864	2209
2865	2210
2866	2211
2867	2212
2868	2213
2869	2214
2870	2215
2871	2216
2872	2217
2873	2216
2874	2218
2875	2219
2876	2220
2877	2220
2878	2221
2879	2222
2880	2223
2881	2224
2882	2225
2883	2226
2884	2227
2885	2228
2886	2229
2887	2230
2888	2231
2889	2232
2890	2233
2891	2232
2892	2234
2893	2235
2894	2236
2895	2237
2896	2238
2897	2239
2898	2240
2899	2241
2900	2241
2901	2242
2902	2243
2903	2244
2904	2245
2905	2245
2906	2246
2907	2247
2908	2247
2909	2248
2910	2249
2911	2250
2912	2251
2913	2252
2914	2252
2915	2253
2916	2253
2917	2254
2918	2255
2919	2256
2920	2256
2921	2255
2922	2255
2923	2257
2924	2258
2925	2259
2926	2260
2927	2261
2928	2262
2929	2263
2930	2264
2931	2265
2932	2266
2933	2265
2934	2266
2935	2267
2936	2268
2937	2269
2938	2270
2939	2271
2940	2272
2941	2273
2942	2274
2943	2275
2944	2276
2945	2276
2946	2277
2947	2278
2948	2279
2949	2279
2950	2280
2951	2280
2952	2281
2953	2282
2954	2283
2955	2284
2956	2285
2957	2286
2958	2286
2959	2287
2960	2288
2961	2289
2962	2290
2963	2291
2964	2291
2965	2292
2966	2293
2967	2292
2968	2293
2969	2294
2970	2295
2971	2296
2972	2297
2973	2298
2974	2299
2975	2300
2976	2300
2977	2301
2978	2302
2979	2303
2980	2304
2981	2305
2982	2306
2983	2307
2984	2308
2985	2309
2986	2310
2987	2311
2988	2312
2989	2313
2990	2314
2991	2315
2992	2315
2993	2316
2994	2317
2995	2317
2996	2318
2997	2319
2998	2320
2999	2321
3000	2320
3001	2320
3002	2322
3003	2323
3004	2324
3005	2325
3006	2326
3007	2327
3008	2327
3009	2328
3010	2329
3011	2330
3012	2331
3013	2332
3014	2333
3015	2333
3016	2334
3017	2334
3018	2335
3019	2336
3020	2337
3021	2338
3022	2339
3023	2340
3024	2341
3025	2342
3026	2343
3027	2344
3028	2345
3029	2346
3030	2347
3031	2347
3032	2347
3033	2347
3034	2348
3035	2349
3036	2350
3037	2351
3038	2352
3039	2352
3040	2353
3041	2354
3042	2355
3043	2356
3044	2357
3045	2358
3046	2358
3047	2359
3048	2359
3049	2360
3050	2361
3051	2362
3052	2363
3053	2364
3054	2365
3055	2366
3056	2367
3057	2368
3058	2369
3059	2370
3060	2371
3061	2372
3062	2373
3063	2374
3064	2375
3065	2376
3066	2376
3067	2377
3068	2378
3069	2379
3070	2380
3071	2381
3072	2382
3073	2383
3074	2384
3075	2385
3076	2386
3077	2387
3078	2388
3079	2389
3080	2390
3081	2390
3082	2390
3083	2391
3084	2392
3085	2393
3086	2394
3087	2394
3088	2395
3089	2396
3090	2397
3091	2398
3092	2399
3093	2400
3094	2399
3095	2401
3096	2402
3097	2402
3098	2403
3099	2404
3100	2405
3101	2405
3102	2406
3103	2407
3104	2408
3105	2409
3106	2410
3107	2411
3108	2412
3109	2413
3110	2414
3111	2415
3112	2416
3113	2417
3114	2418
3115	2419
3116	2420
3117	2421
3118	2422
3119	2423
3120	2423
3121	2423
3122	2424
3123	2423
3124	2425
3125	2426
3126	2426
3127	2426
3128	2426
3129	2426
3130	2427
3131	2428
3132	2429
3133	2430
3134	2431
3135	2431
3136	2432
3137	2433
3138	2434
3139	2435
3140	2436
3141	2436
3142	2437
3143	2438
3144	2439
3145	2440
3146	2441
3147	2442
3148	2443
3149	2444
3150	2445
3151	2446
3152	2447
3153	2447
3154	2448
3155	2449
3156	2450
3157	2451
3158	2452
3159	2453
3160	2454
3161	2454
3162	2455
3163	2456
3164	2457
3165	2458
3166	2459
3167	2459
3168	2460
3169	2461
3170	2462
3171	2463
3172	2463
3173	2464
3174	2464
3175	2464
3176	2465
3177	2466
3178	2466
3179	2467
3180	2466
3181	2466
3182	2468
3183	2466
3184	2468
3185	2469
3186	2470
3187	2471
3188	2472
3189	2473
3190	2474
3191	2475
3192	2476
3193	2477
3194	2478
3195	2479
3196	2480
3197	2481
3198	2481
3199	2482
3200	2483
3201	2484
3202	2485
3203	2486
3204	2487
3205	2488
3206	2489
3207	2490
3208	2491
3209	2492
3210	2493
3211	2493
3212	2494
3213	2495
3214	2496
3215	2497
3216	2498
3217	2499
3218	2500
3219	2501
3220	2502
3221	2503
3222	2504
3223	2505
3224	2506
3225	2507
3226	2508
3227	2509
3228	2510
3229	2511
3230	2512
3231	2513
3232	2514
3233	2514
3234	2514
3235	2515
3236	2515
3237	2516
3238	2517
3239	2517
3240	2518
3241	2518
3242	2518
3243	2519
3244	2520
3245	2521
3246	2522
3247	2523
3248	2523
3249	2524
3250	2525
3251	2526
3252	2527
3253	2528
3254	2529
3255	2530
3256	2531
3257	2532
3258	2533
3259	2534
3260	2535
3261	2536
3262	2537
3263	2538
3264	2539
3265	2540
3266	2541
3267	2542
3268	2543
3269	2544
3270	2545
3271	2546
3272	2547
3273	2548
3274	2549
3275	2550
3276	2551
3277	2552
3278	2553
3279	2554
3280	2555
3281	2556
3282	2557
3283	2558
3284	2559
3285	2560
3286	2561
3287	2562
3288	2563
3289	2564
3290	2565
3291	2566
3292	2567
3293	2568
3294	2569
3295	2570
3296	2571
3297	2572
3298	2573
3299	2574
3300	2575
3301	2576
3302	2577
3303	2577
3304	2578
3305	2579
3306	2580
3307	2581
3308	2582
3309	2583
3310	2583
3311	2584
3312	2585
3313	2586
3314	2587
3315	2588
3316	2589
3317	2590
3318	2591
3319	2592
3320	2593
3321	2594
3322	2595
3323	2596
3324	2597
3325	2598
3326	2599
3327	2600
3328	2601
3329	2602
3330	2603
3331	2604
3332	2605
3333	2606
3334	2607
3335	2608
3336	2609
3337	2610
3338	2610
3339	2611
3340	2612
3341	2613
3342	2614
3343	2615
3344	2615
3345	2616
3346	2617
3347	2618
3348	2619
3349	2620
3350	2621
3351	2622
3352	2621
3353	2621
3354	2621
3355	2622
3356	2621
3357	2622
3358	2623
3359	2624
3360	2625
3361	2626
3362	2627
3363	2628
3364	2629
3365	2630
3366	2631
3367	2632
3368	2633
3369	2634
3370	2635
3371	2636
3372	2637
3373	2637
3374	2638
3375	2639
3376	2640
3377	2641
3378	2642
3379	2643
3380	2644
3381	2644
3382	2645
3383	2646
3384	2647
3385	2648
3386	2649
3387	2650
3388	2651
3389	2652
3390	2653
3391	2654
3392	2655
3393	2656
3394	2657
3395	2658
3396	2659
3397	2660
3398	2661
3399	2662
3400	2663
3401	2664
3402	2665
3403	2666
3404	2667
3405	2668
3406	2669
3407	2670
3408	2671
3409	2672
3410	2673
3411	2673
3412	2674
3413	2675
3414	2676
3415	2677
3416	2678
3417	2679
3418	2680
3419	2681
3420	2682
3421	2683
3422	2684
3423	2685
3424	2686
3425	2687
3426	2688
3427	2689
3428	2690
3429	2691
3430	2692
3431	2693
3432	2694
3433	2695
3434	2696
3435	2697
3436	2698
3437	2699
3438	2700
3439	2701
3440	2702
3441	2703
3442	2704
3443	2705
3444	2706
3445	2707
3446	2708
3447	2709
3448	2710
3449	2711
3450	2712
3451	2713
3452	2714
3453	2715
3454	2716
3455	2717
3456	2718
3457	2719
3458	2720
3459	2721
3460	2722
3461	2723
3462	2723
3463	2724
3464	2725
3465	2726
3466	2727
3467	2728
3468	2729
3469	2730
3470	2731
3471	2731
3472	2732
3473	2733
3474	2734
3475	2735
3476	2736
3477	2737
3478	2738
3479	2739
3480	2740
3481	2741
3482	2742
3483	2743
3484	2744
3485	2745
3486	2746
3487	2747
3488	2748
3489	2749
3490	2750
3491	2751
3492	2752
3493	2753
3494	2754
3495	2755
3496	2756
3497	2757
3498	2758
3499	2759
3500	2760
3501	2761
3502	2762
3503	2763
3504	2764
3505	2765
3506	2766
3507	2767
3508	2768
3509	2769
3510	2770
3511	2771
3512	2772
3513	2773
3514	2774
3515	2775
3516	2776
3517	2777
3518	2778
3519	2779
3520	2780
3521	2781
3522	2782
3523	2783
3524	2784
3525	2785
3526	2786
3527	2787
3528	2788
3529	2789
3530	2790
3531	2791
3532	2792
3533	2793
3534	2792
3535	2794
3536	2794
3537	2795
3538	2796
3539	2797
3540	2798
3541	2799
3542	2800
3543	2801
3544	2802
3545	2803
3546	2804
3547	2805
3548	2806
3549	2807
3550	2808
3551	2809
3552	2810
3553	2811
3554	2812
3555	2812
3556	2813
3557	2813
3558	2814
3559	2815
3560	2816
3561	2816
3562	2817
3563	2818
3564	2819
3565	2820
3566	2821
3567	2822
3568	2820
3569	2823
3570	2824
3571	2825
3572	2826
3573	2827
3574	2828
3575	2829
3576	2830
3577	2831
3578	2832
3579	2833
3580	2833
3581	2834
3582	2835
3583	2836
3584	2837
3585	2838
3586	2839
3587	2840
3588	2841
3589	2841
3590	2842
3591	2843
3592	2844
3593	2845
3594	2846
3595	2847
3596	2848
3597	2849
3598	2850
3599	2851
3600	2852
3601	2853
3602	2854
3603	2855
3604	2856
3605	2857
3606	2858
3607	2859
3608	2860
3609	2861
3610	2862
3611	2863
3612	2863
3613	2864
3614	2865
3615	2866
3616	2867
3617	2867
3618	2868
3619	2869
3620	2869
3621	2870
3622	2871
3623	2872
3624	2873
3625	2874
3626	2875
3627	2876
3628	2877
3629	2878
3630	2879
3631	2880
3632	2881
3633	2882
3634	2883
3635	2884
3636	2885
3637	2886
3638	2887
3639	2888
3640	2889
3641	2890
3642	2891
3643	2892
3644	2893
3645	2894
3646	2895
3647	2896
3648	2896
3649	2897
3650	2897
3651	2898
3652	2899
3653	2900
3654	2900
3655	2901
3656	2902
3657	2903
3658	2904
3659	2905
3660	2906
3661	2907
3662	2908
3663	2909
3664	2910
3665	2911
3666	2912
3667	2913
3668	2914
3669	2915
3670	2916
3671	2917
3672	2918
3673	2919
3674	2918
3675	2920
3676	2921
3677	2922
3678	2923
3679	2924
3680	2925
3681	2926
3682	2927
3683	2928
3684	2929
3685	2929
3686	2930
3687	2931
3688	2932
3689	2933
3690	2934
3691	2935
3692	2935
3693	2936
3694	2936
3695	2937
3696	2937
3697	2938
3698	2939
3699	2940
3700	2941
3701	2942
3702	2943
3703	2944
3704	2945
3705	2946
3706	2947
3707	2945
3708	2948
3709	2949
3710	2950
3711	2951
3712	2952
3713	2953
3714	2954
3715	2955
3716	2956
3717	2957
3718	2958
3719	2958
3720	2959
3721	2960
3722	2961
3723	2962
3724	2963
3725	2963
3726	2964
3727	2965
3728	2966
3729	2967
3730	2968
3731	2969
3732	2970
3733	2971
3734	2972
3735	2973
3736	2974
3737	2974
3738	2975
3739	2976
3740	2977
3741	2978
3742	2977
3743	2977
3744	2979
3745	2980
3746	2980
3747	2980
3748	2980
3749	2980
3750	2981
3751	2982
3752	2983
3753	2982
3754	2984
3755	2985
3756	2985
3757	2986
3758	2987
3759	2988
3760	2989
3761	2990
3762	2991
3763	2992
3764	2993
3765	2994
3766	2994
3767	2995
3768	2996
3769	2997
3770	2998
3771	2999
3772	3000
3773	3001
3774	3002
3775	3003
3776	3004
3777	3005
3778	3005
3779	3006
3780	3007
3781	3008
3782	3009
3783	3010
3784	3011
3785	3012
3786	3013
3787	3014
3788	3015
3789	3016
3790	3017
3791	3018
3792	3019
3793	3020
3794	3021
3795	3022
3796	3023
3797	3024
3798	3025
3799	3026
3800	3027
3801	3028
3802	3029
3803	3030
3804	3031
3805	3032
3806	3033
3807	3034
3808	3035
3809	3036
3810	3037
3811	3038
3812	3039
3813	3040
3814	3040
3815	3041
3816	3042
3817	3043
3818	3044
3819	3045
3820	3046
3821	3047
3822	3047
3823	3048
3824	3049
3825	3050
3826	3051
3827	3052
3828	3053
3829	3053
3830	3054
3831	3055
3832	3056
3833	3057
3834	3058
3835	3059
3836	3058
3837	3060
3838	3061
3839	3062
3840	3062
3841	3061
3842	3062
3843	3063
3844	3063
3845	3064
3846	3065
3847	3066
3848	3067
3849	3068
3850	3069
3851	3070
3852	3071
3853	3072
3854	3073
3855	3074
3856	3075
3857	3076
3858	3077
3859	3078
3860	3079
3861	3080
3862	3081
3863	3082
3864	3083
3865	3084
3866	3084
3867	3085
3868	3086
3869	3087
3870	3088
3871	3089
3872	3090
3873	3091
3874	3092
3875	3092
3876	3093
3877	3093
3878	3094
3879	3095
3880	3096
3881	3096
3882	3096
3883	3097
3884	3097
3885	3098
3886	3099
3887	3100
3888	3101
3889	3102
3890	3103
3891	3104
3892	3104
3893	3105
3894	3106
3895	3106
3896	3107
3897	3108
3898	3108
3899	3109
3900	3110
3901	3111
3902	3112
3903	3113
3904	3114
3905	3115
3906	3116
3907	3117
3908	3118
3909	3119
3910	3120
3911	3120
3912	3121
3913	3122
3914	3122
3915	3122
3916	3122
3917	3123
3918	3124
3919	3125
3920	3126
3921	3127
3922	3127
3923	3128
3924	3129
3925	3130
3926	3131
3927	3131
3928	3132
3929	3133
3930	3134
3931	3135
3932	3136
3933	3137
3934	3138
3935	3139
3936	3140
3937	3141
3938	3142
3939	3143
3940	3144
3941	3145
3942	3146
3943	3147
3944	3148
3945	3149
3946	3150
3947	3151
3948	3152
3949	3153
3950	3153
3951	3154
3952	3155
3953	3156
3954	3157
3955	3158
3956	3158
3957	3159
3958	3160
3959	3161
3960	3162
3961	3163
3962	3164
3963	3164
3964	3165
3965	3166
3966	3167
3967	3168
3968	3169
3969	3170
3970	3171
3971	3172
3972	3173
3973	3174
3974	3175
3975	3176
3976	3177
3977	3178
3978	3179
3979	3180
3980	3181
3981	3181
3982	3182
3983	3183
3984	3184
3985	3185
3986	3186
3987	3187
3988	3188
3989	3189
3990	3190
3991	3190
3992	3191
3993	3192
3994	3193
3995	3194
3996	3195
3997	3196
3998	3197
3999	3198
4000	3199
4001	3200
4002	3201
4003	3202
4004	3203
4005	3204
4006	3205
4007	3206
4008	3207
4009	3208
4010	3209
4011	3210
4012	3211
4013	3212
4014	3213
4015	3214
4016	3215
4017	3216
4018	3217
4019	3218
4020	3219
4021	3220
4022	3221
4023	3222
4024	3223
4025	3224
4026	3225
4027	3225
4028	3225
4029	3225
4030	3225
4031	3225
4032	3226
4033	3226
4034	3227
4035	3228
4036	3229
4037	3230
4038	3231
4039	3232
4040	3233
4041	3234
4042	3235
4043	3236
4044	3237
4045	3238
4046	3239
4047	3240
4048	3241
4049	3242
4050	3243
4051	3244
4052	3244
4053	3245
4054	3246
4055	3247
4056	3248
4057	3247
4058	3249
4059	3249
4060	3247
4061	3250
4062	3251
4063	3252
4064	3253
4065	3254
4066	3255
4067	3256
4068	3257
4069	3257
4070	3258
4071	3259
4072	3260
4073	3261
4074	3261
4075	3262
4076	3263
4077	3264
4078	3265
4079	3266
4080	3267
4081	3268
4082	3268
4083	3268
4084	3269
4085	3270
4086	3271
4087	3272
4088	3272
4089	3273
4090	3274
4091	3275
4092	3275
4093	3272
4094	3276
4095	3277
4096	3278
4097	3279
4098	3280
4099	3281
4100	3282
4101	3283
4102	3284
4103	3285
4104	3286
4105	3287
4106	3288
4107	3289
4108	3289
4109	3290
4110	3291
4111	3292
4112	3293
4113	3293
4114	3294
4115	3295
4116	3296
4117	3297
4118	3298
4119	3299
4120	3300
4121	3301
4122	3302
4123	3303
4124	3304
4125	3305
4126	3305
4127	3306
4128	3307
4129	3308
4130	3309
4131	3309
4132	3310
4133	3311
4134	3311
4135	3311
4136	3312
4137	3313
4138	3314
4139	3315
4140	3316
4141	3317
4142	3318
4143	3319
4144	3320
4145	3321
4146	3322
4147	3323
4148	3324
4149	3325
4150	3325
4151	3325
4152	3326
4153	3326
4154	3327
4155	3328
4156	3329
4157	3330
4158	3331
4159	3332
4160	3333
4161	3334
4162	3335
4163	3336
4164	3337
4165	3338
4166	3339
4167	3340
4168	3340
4169	3341
4170	3342
4171	3343
4172	3344
4173	3345
4174	3346
4175	3347
4176	3348
4177	3349
4178	3350
4179	3351
4180	3352
4181	3353
4182	3354
4183	3355
4184	3356
4185	3356
4186	3357
4187	3358
4188	3359
4189	3360
4190	3361
4191	3362
4192	3363
4193	3364
4194	3365
4195	3366
4196	3367
4197	3368
4198	3369
4199	3370
4200	3371
4201	3372
4202	3372
4203	3373
4204	3374
4205	3374
4206	3375
4207	3376
4208	3377
4209	3378
4210	3378
4211	3379
4212	3380
4213	3381
4214	3382
4215	3383
4216	3384
4217	3385
4218	3386
4219	3387
4220	3388
4221	3389
4222	3390
4223	3390
4224	3391
4225	3392
4226	3391
4227	3391
4228	3393
4229	3394
4230	3395
4231	3396
4232	3397
4233	3398
4234	3399
4235	3400
4236	3401
4237	3401
4238	3402
4239	3403
4240	3404
4241	3405
4242	3406
4243	3407
4244	3408
4245	3409
4246	3410
4247	3411
4248	3412
4249	3413
4250	3414
4251	3415
4252	3416
4253	3417
4254	3418
4255	3417
4256	3419
4257	3420
4258	3420
4259	3421
4260	3421
4261	3421
4262	3422
4263	3423
4264	3423
4265	3423
4266	3424
4267	3425
4268	3426
4269	3427
4270	3428
4271	3428
4272	3429
4273	3430
4274	3431
4275	3432
4276	3433
4277	3433
4278	3434
4279	3435
4280	3436
4281	3437
4282	3438
4283	3439
4284	3440
4285	3441
4286	3442
4287	3443
4288	3443
4289	3444
4290	3445
4291	3446
4292	3446
4293	3447
4294	3448
4295	3449
4296	3450
4297	3451
4298	3451
4299	3452
4300	3453
4301	3454
4302	3455
4303	3456
4304	3457
4305	3457
4306	3458
4307	3459
4308	3460
4309	3461
4310	3462
4311	3463
4312	3464
4313	3465
4314	3466
4315	3467
4316	3468
4317	3469
4318	3470
4319	3471
4320	3472
4321	3473
4322	3473
4323	3474
4324	3475
4325	3476
4326	3477
4327	3478
4328	3479
4329	3480
4330	3481
4331	3482
4332	3483
4333	3484
4334	3485
4335	3486
4336	3487
4337	3485
4338	3488
4339	3489
4340	3490
4341	3491
4342	3492
4343	3493
4344	3494
4345	3494
4346	3495
4347	3496
4348	3496
4349	3497
4350	3498
4351	3499
4352	3500
4353	3501
4354	3502
4355	3503
4356	3504
4357	3505
4358	3506
4359	3507
4360	3507
4361	3508
4362	3509
4363	3510
4364	3511
4365	3512
4366	3513
4367	3514
4368	3515
4369	3516
4370	3517
4371	3518
4372	3519
4373	3520
4374	3521
4375	3522
4376	3523
4377	3524
4378	3525
4379	3526
4380	3527
4381	3528
4382	3529
4383	3530
4384	3531
4385	3532
4386	3533
4387	3533
4388	3534
4389	3535
4390	3536
4391	3537
4392	3538
4393	3538
4394	3539
4395	3540
4396	3541
4397	3540
4398	3542
4399	3543
4400	3543
4401	3544
4402	3545
4403	3546
4404	3547
4405	3548
4406	3549
4407	3550
4408	3551
4409	3552
4410	3553
4411	3552
4412	3554
4413	3555
4414	3556
4415	3557
4416	3558
4417	3558
4418	3559
4419	3560
4420	3561
4421	3562
4422	3563
4423	3563
4424	3564
4425	3565
4426	3566
4427	3566
4428	3566
4429	3567
4430	3568
4431	3569
4432	3570
4433	3571
4434	3571
4435	3572
4436	3573
4437	3574
4438	3575
4439	3575
4440	3576
4441	3577
4442	3578
4443	3579
4444	3580
4445	3581
4446	3582
4447	3583
4448	3584
4449	3585
4450	3586
4451	3587
4452	3588
4453	3589
4454	3590
4455	3591
4456	3592
4457	3593
4458	3594
4459	3595
4460	3596
4461	3596
4462	3597
4463	3598
4464	3598
4465	3599
4466	3600
4467	3601
4468	3602
4469	3603
4470	3604
4471	3605
4472	3606
4473	3607
4474	3608
4475	3609
4476	3610
4477	3611
4478	3612
4479	3613
4480	3614
4481	3615
4482	3616
4483	3616
4484	3617
4485	3618
4486	3619
4487	3619
4488	3620
4489	3621
4490	3622
4491	3623
4492	3624
4493	3625
4494	3626
4495	3627
4496	3628
4497	3629
4498	3629
4499	3630
4500	3631
4501	3632
4502	3632
4503	3633
4504	3634
4505	3635
4506	3635
4507	3636
4508	3637
4509	3638
4510	3639
4511	3640
4512	3641
4513	3642
4514	3643
4515	3643
4516	3644
4517	3645
4518	3646
4519	3647
4520	3648
4521	3648
4522	3649
4523	3650
4524	3651
4525	3652
4526	3653
4527	3654
4528	3655
4529	3655
4530	3656
4531	3657
4532	3658
4533	3659
4534	3660
4535	3661
4536	3662
4537	3663
4538	3664
4539	3665
4540	3666
4541	3667
4542	3668
4543	3666
4544	3669
4545	3670
4546	3671
4547	3672
4548	3673
4549	3674
4550	3675
4551	3676
4552	3677
4553	3678
4554	3679
4555	3679
4556	3680
4557	3681
4558	3682
4559	3683
4560	3684
4561	3685
4562	3686
4563	3687
4564	3688
4565	3689
4566	3690
4567	3691
4568	3692
4569	3692
4570	3693
4571	3694
4572	3695
4573	3696
4574	3697
4575	3698
4576	3699
4577	3700
4578	3701
4579	3701
4580	3702
4581	3703
4582	3704
4583	3705
4584	3706
4585	3705
4586	3707
4587	3708
4588	3709
4589	3710
4590	3711
4591	3712
4592	3713
4593	3714
4594	3715
4595	3716
4596	3717
4597	3718
4598	3719
4599	3720
4600	3721
4601	3722
4602	3723
4603	3724
4604	3725
4605	3726
4606	3727
4607	3728
4608	3729
4609	3730
4610	3731
4611	3732
4612	3733
4613	3734
4614	3735
4615	3736
4616	3737
4617	3738
4618	3739
4619	3740
4620	3741
4621	3742
4622	3743
4623	3744
4624	3745
4625	3745
4626	3746
4627	3747
4628	3748
4629	3749
4630	3750
4631	3751
4632	3752
4633	3753
4634	3754
4635	3755
4636	3756
4637	3757
4638	3758
4639	3759
4640	3760
4641	3761
4642	3762
4643	3763
4644	3764
4645	3765
4646	3766
4647	3767
4648	3768
4649	3769
4650	3769
4651	3770
4652	3771
4653	3772
4654	3772
4655	3773
4656	3773
4657	3774
4658	3774
4659	3775
4660	3776
4661	3777
4662	3778
4663	3779
4664	3780
4665	3781
4666	3782
4667	3783
4668	3784
4669	3785
4670	3786
4671	3787
4672	3787
4673	3788
4674	3789
4675	3790
4676	3791
4677	3792
4678	3793
4679	3794
4680	3795
4681	3795
4682	3796
4683	3797
4684	3798
4685	3799
4686	3800
4687	3801
4688	3802
4689	3803
4690	3803
4691	3804
4692	3805
4693	3806
4694	3807
4695	3808
4696	3809
4697	3810
4698	3810
4699	3811
4700	3812
4701	3813
4702	3814
4703	3815
4704	3816
4705	3817
4706	3818
4707	3819
4708	3820
4709	3821
4710	3822
4711	3823
4712	3824
4713	3825
4714	3826
4715	3826
4716	3827
4717	3828
4718	3829
4719	3830
4720	3829
4721	3829
4722	3831
4723	3831
4724	3832
4725	3833
4726	3834
4727	3835
4728	3836
4729	3837
4730	3838
4731	3839
4732	3839
4733	3840
4734	3841
4735	3842
4736	3843
4737	3844
4738	3845
4739	3846
4740	3847
4741	3848
4742	3849
4743	3850
4744	3851
4745	3852
4746	3853
4747	3854
4748	3855
4749	3856
4750	3856
4751	3857
4752	3858
4753	3857
4754	3859
4755	3860
4756	3861
4757	3862
4758	3863
4759	3863
4760	3864
4761	3865
4762	3865
4763	3866
4764	3867
4765	3868
4766	3869
4767	3870
4768	3871
4769	3872
4770	3873
4771	3874
4772	3875
4773	3876
4774	3877
4775	3878
4776	3879
4777	3880
4778	3881
4779	3881
4780	3882
4781	3882
4782	3881
4783	3883
4784	3884
4785	3885
4786	3886
4787	3886
4788	3887
4789	3887
4790	3888
4791	3889
4792	3890
4793	3891
4794	3892
4795	3892
4796	3893
4797	3894
4798	3895
4799	3896
4800	3897
4801	3898
4802	3899
4803	3900
4804	3901
4805	3902
4806	3903
4807	3904
4808	3905
4809	3906
4810	3906
4811	3907
4812	3908
4813	3908
4814	3909
4815	3910
4816	3911
4817	3912
4818	3913
4819	3914
4820	3915
4821	3916
4822	3917
4823	3918
4824	3919
4825	3920
4826	3921
4827	3922
4828	3923
4829	3924
4830	3925
4831	3926
4832	3927
4833	3928
4834	3929
4835	3930
4836	3931
4837	3931
4838	3932
4839	3933
4840	3934
4841	3935
4842	3935
4843	3936
4844	3937
4845	3938
4846	3938
4847	3939
4848	3940
4849	3941
4850	3942
4851	3941
4852	3943
4853	3944
4854	3945
4855	3945
4856	3946
4857	3947
4858	3948
4859	3949
4860	3949
4861	3950
4862	3951
4863	3952
4864	3953
4865	3954
4866	3955
4867	3956
4868	3956
4869	3957
4870	3958
4871	3959
4872	3959
4873	3960
4874	3961
4875	3961
4876	3962
4877	3963
4878	3964
4879	3965
4880	3966
4881	3967
4882	3968
4883	3969
4884	3970
4885	3971
4886	3971
4887	3972
4888	3972
4889	3973
4890	3974
4891	3975
4892	3976
4893	3977
4894	3978
4895	3979
4896	3980
4897	3981
4898	3982
4899	3983
4900	3984
4901	3985
4902	3986
4903	3987
4904	3988
4905	3989
4906	3990
4907	3991
4908	3992
4909	3993
4910	3994
4911	3995
4912	3996
4913	3997
4914	3998
4915	3999
4916	4000
4917	4001
4918	4002
4919	4003
4920	4004
4921	4005
4922	4006
4923	4007
4924	4008
4925	4009
4926	4010
4927	4011
4928	4012
4929	4013
4930	4014
4931	4015
4932	4016
4933	4017
4934	4018
4935	4019
4936	4020
4937	4021
4938	4021
4939	4022
4940	4023
4941	4023
4942	4024
4943	4025
4944	4026
4945	4027
4946	4028
4947	4029
4948	4030
4949	4031
4950	4032
4951	4033
4952	4034
4953	4035
4954	4035
4955	4036
4956	4037
4957	4038
4958	4038
4959	4039
4960	4040
4961	4041
4962	4042
4963	4043
4964	4044
4965	4045
4966	4046
4967	4045
4968	4045
4969	4047
4970	4047
4971	4048
4972	4049
4973	4050
4974	4051
4975	4052
4976	4053
4977	4054
4978	4055
4979	4054
4980	4054
4981	4056
4982	4057
4983	4057
4984	4058
4985	4059
4986	4060
4987	4061
4988	4062
4989	4063
4990	4064
4991	4065
4992	4066
4993	4067
4994	4068
4995	4069
4996	4070
4997	4071
4998	4072
4999	4073
5000	4074
5001	4075
5002	4075
5003	4076
5004	4077
5005	4078
5006	4079
5007	4080
5008	4081
5009	4082
5010	4083
5011	4084
5012	4085
5013	4086
5014	4087
5015	4088
5016	4089
5017	4090
5018	4091
5019	4092
5020	4092
5021	4092
5022	4093
5023	4094
5024	4095
5025	4096
5026	4097
5027	4097
5028	4098
5029	4099
5030	4100
5031	4101
5032	4102
5033	4103
5034	4104
5035	4105
5036	4106
5037	4107
5038	4108
5039	4109
5040	4110
5041	4111
5042	4112
5043	4113
5044	4114
5045	4115
5046	4115
5047	4116
5048	4117
5049	4118
5050	4119
5051	4120
5052	4121
5053	4122
5054	4123
5055	4124
5056	4125
5057	4126
5058	4127
5059	4127
5060	4128
5061	4128
5062	4129
5063	4130
5064	4131
5065	4132
5066	4132
5067	4133
5068	4134
5069	4135
5070	4136
5071	4137
5072	4138
5073	4139
5074	4139
5075	4140
5076	4141
5077	4142
5078	4143
5079	4144
5080	4145
5081	4146
5082	4147
5083	4148
5084	4149
5085	4150
5086	4151
5087	4152
5088	4153
5089	4153
5090	4154
5091	4155
5092	4156
5093	4157
5094	4158
5095	4159
5096	4160
5097	4161
5098	4162
5099	4163
5100	4164
5101	4165
5102	4166
5103	4166
5104	4167
5105	4168
5106	4169
5107	4170
5108	4171
5109	4172
5110	4173
5111	4173
5112	4174
5113	4175
5114	4176
5115	4177
5116	4178
5117	4179
5118	4180
5119	4181
5120	4182
5121	4182
5122	4183
5123	4184
5124	4185
5125	4186
5126	4187
5127	4187
5128	4188
5129	4189
5130	4190
5131	4191
5132	4192
5133	4193
5134	4194
5135	4195
5136	4195
5137	4196
5138	4197
5139	4198
5140	4199
5141	4200
5142	4201
5143	4202
5144	4203
5145	4204
5146	4205
5147	4206
5148	4206
5149	4207
5150	4208
5151	4209
5152	4210
5153	4211
5154	4212
5155	4212
5156	4213
5157	4214
5158	4215
5159	4216
5160	4216
5161	4217
5162	4218
5163	4219
5164	4219
5165	4220
5166	4221
5167	4222
5168	4223
5169	4224
5170	4225
5171	4226
5172	4227
5173	4228
5174	4229
5175	4230
5176	4231
5177	4231
5178	4232
5179	4233
5180	4234
5181	4235
5182	4236
5183	4237
5184	4237
5185	4238
5186	4239
5187	4238
5188	4240
5189	4241
5190	4242
5191	4243
5192	4244
5193	4245
5194	4246
5195	4247
5196	4248
5197	4249
5198	4250
5199	4251
5200	4252
5201	4253
5202	4254
5203	4254
5204	4255
5205	4256
5206	4257
5207	4258
5208	4259
5209	4260
5210	4261
5211	4262
5212	4263
5213	4264
5214	4265
5215	4266
5216	4267
5217	4268
5218	4268
5219	4269
5220	4270
5221	4271
5222	4272
5223	4273
5224	4274
5225	4275
5226	4276
5227	4276
5228	4277
5229	4278
5230	4279
5231	4280
5232	4281
5233	4282
5234	4283
5235	4281
5236	4284
5237	4284
5238	4284
5239	4285
5240	4286
5241	4287
5242	4288
5243	4289
5244	4290
5245	4291
5246	4292
5247	4293
5248	4294
5249	4295
5250	4296
5251	4297
5252	4297
5253	4298
5254	4299
5255	4299
5256	4300
5257	4301
5258	4302
5259	4303
5260	4304
5261	4305
5262	4306
5263	4307
5264	4308
5265	4309
5266	4310
5267	4311
5268	4312
5269	4313
5270	4314
5271	4315
5272	4316
5273	4316
5274	4317
5275	4318
5276	4319
5277	4320
5278	4321
5279	4319
5280	4322
5281	4323
5282	4324
5283	4325
5284	4326
5285	4326
5286	4327
5287	4328
5288	4329
5289	4330
5290	4331
5291	4332
5292	4333
5293	4334
5294	4335
5295	4336
5296	4337
5297	4338
5298	4339
5299	4340
5300	4341
5301	4342
5302	4343
5303	4344
5304	4345
5305	4346
5306	4347
5307	4348
5308	4349
5309	4349
5310	4350
5311	4351
5312	4352
5313	4353
5314	4354
5315	4355
5316	4356
5317	4357
5318	4358
5319	4359
5320	4360
5321	4361
5322	4362
5323	4363
5324	4364
5325	4365
5326	4366
5327	4367
5328	4368
5329	4369
5330	4370
5331	4371
5332	4372
5333	4373
5334	4374
5335	4375
5336	4376
5337	4377
5338	4378
5339	4379
5340	4380
5341	4381
5342	4382
5343	4383
5344	4384
5345	4385
5346	4385
5347	4385
5348	4386
5349	4386
5350	4387
5351	4387
5352	4388
5353	4389
5354	4390
5355	4391
5356	4392
5357	4393
5358	4394
5359	4395
5360	4396
5361	4397
5362	4398
5363	4399
5364	4399
5365	4400
5366	4401
5367	4401
5368	4402
5369	4402
5370	4403
5371	4404
5372	4405
5373	4406
5374	4406
5375	4407
5376	4408
5377	4409
5378	4410
5379	4411
5380	4412
5381	4413
5382	4413
5383	4414
5384	4415
5385	4416
5386	4417
5387	4418
5388	4419
5389	4420
5390	4421
5391	4422
5392	4423
5393	4424
5394	4425
5395	4425
5396	4426
5397	4427
5398	4428
5399	4429
5400	4429
5401	4430
5402	4431
5403	4432
5404	4433
5405	4434
5406	4435
5407	4436
5408	4437
5409	4438
5410	4439
5411	4440
5412	4441
5413	4442
5414	4443
5415	4444
5416	4445
5417	4446
5418	4447
5419	4448
5420	4449
5421	4449
5422	4450
5423	4451
5424	4452
5425	4453
5426	4454
5427	4455
5428	4456
5429	4457
5430	4458
5431	4459
5432	4460
5433	4461
5434	4462
5435	4462
5436	4463
5437	4464
5438	4464
5439	4465
5440	4466
5441	4467
5442	4468
5443	4469
5444	4470
5445	4471
5446	4472
5447	4473
5448	4473
5449	4474
5450	4475
5451	4476
5452	4477
5453	4478
5454	4479
5455	4480
5456	4481
5457	4482
5458	4482
5459	4483
5460	4484
5461	4484
5462	4485
5463	4486
5464	4487
5465	4488
5466	4489
5467	4490
5468	4490
5469	4491
5470	4492
5471	4493
5472	4494
5473	4495
5474	4496
5475	4497
5476	4498
5477	4499
5478	4500
5479	4501
5480	4502
5481	4503
5482	4504
5483	4505
5484	4506
5485	4507
5486	4508
5487	4509
5488	4510
5489	4511
5490	4512
5491	4513
5492	4513
5493	4514
5494	4515
5495	4516
5496	4517
5497	4518
5498	4519
5499	4520
5500	4521
5501	4522
5502	4523
5503	4524
5504	4525
5505	4526
5506	4527
5507	4528
5508	4529
5509	4530
5510	4531
5511	4531
5512	4532
5513	4532
5514	4533
5515	4534
5516	4535
5517	4536
5518	4537
5519	4537
5520	4536
5521	4538
5522	4539
5523	4540
5524	4541
5525	4542
5526	4543
5527	4544
5528	4544
5529	4545
5530	4546
5531	4546
5532	4547
5533	4548
5534	4549
5535	4550
5536	4550
5537	4551
5538	4552
5539	4553
5540	4554
5541	4555
5542	4556
5543	4557
5544	4558
5545	4559
5546	4560
5547	4561
5548	4562
5549	4563
5550	4564
5551	4565
5552	4566
5553	4567
5554	4568
5555	4569
5556	4570
5557	4571
5558	4572
5559	4573
5560	4574
5561	4575
5562	4575
5563	4576
5564	4577
5565	4578
5566	4579
5567	4580
5568	4581
5569	4582
5570	4583
5571	4584
5572	4584
5573	4585
5574	4586
5575	4586
5576	4587
5577	4588
5578	4589
5579	4590
5580	4591
5581	4592
5582	4593
5583	4594
5584	4595
5585	4596
5586	4597
5587	4598
5588	4599
5589	4600
5590	4601
5591	4602
5592	4603
5593	4604
5594	4605
5595	4606
5596	4607
5597	4608
5598	4609
5599	4609
5600	4610
5601	4611
5602	4612
5603	4613
5604	4614
5605	4614
5606	4615
5607	4616
5608	4617
5609	4618
5610	4619
5611	4620
5612	4621
5613	4622
5614	4623
5615	4623
5616	4624
5617	4625
5618	4626
5619	4627
5620	4627
5621	4628
5622	4629
5623	4630
5624	4630
5625	4630
5626	4631
5627	4631
5628	4632
5629	4633
5630	4633
5631	4634
5632	4635
5633	4636
5634	4637
5635	4637
5636	4636
5637	4636
5638	4638
5639	4639
5640	4640
5641	4641
5642	4642
5643	4643
5644	4644
5645	4645
5646	4646
5647	4647
5648	4648
5649	4649
5650	4650
5651	4651
5652	4650
5653	4652
5654	4653
5655	4654
5656	4655
5657	4655
5658	4656
5659	4657
5660	4658
5661	4659
5662	4660
5663	4661
5664	4662
5665	4663
5666	4664
5667	4665
5668	4666
5669	4667
5670	4668
5671	4669
5672	4670
5673	4671
5674	4672
5675	4673
5676	4674
5677	4674
5678	4674
5679	4675
5680	4676
5681	4676
5682	4677
5683	4678
5684	4679
5685	4680
5686	4681
5687	4682
5688	4683
5689	4683
5690	4684
5691	4683
5692	4683
5693	4684
5694	4685
5695	4686
5696	4687
5697	4688
5698	4689
5699	4690
5700	4691
5701	4690
5702	4692
5703	4693
5704	4694
5705	4695
5706	4696
5707	4697
5708	4698
5709	4699
5710	4700
5711	4701
5712	4702
5713	4702
5714	4703
5715	4704
5716	4705
5717	4706
5718	4707
5719	4708
5720	4709
5721	4710
5722	4711
5723	4712
5724	4713
5725	4714
5726	4715
5727	4716
5728	4717
5729	4718
5730	4719
5731	4720
5732	4721
5733	4722
5734	4723
5735	4724
5736	4725
5737	4726
5738	4727
5739	4728
5740	4729
5741	4730
5742	4731
5743	4732
5744	4733
5745	4734
5746	4735
5747	4736
5748	4736
5749	4737
5750	4738
5751	4739
5752	4740
5753	4741
5754	4742
5755	4742
5756	4742
5757	4742
5758	4742
5759	4742
5760	4742
5761	4742
5762	4742
5763	4742
5764	4742
5765	4742
5766	4742
5767	4742
5768	4742
5769	4742
5770	4742
5771	4742
5772	4742
5773	4742
5774	4742
5775	4743
5776	4744
5777	4745
5778	4746
5779	4747
5780	4748
5781	4749
5782	4750
5783	4751
5784	4752
5785	4753
5786	4754
5787	4755
5788	4756
5789	4757
5790	4758
5791	4759
5792	4760
5793	4761
5794	4762
5795	4763
5796	4764
5797	4765
5798	4766
5799	4767
5800	4768
5801	4768
5802	4769
5803	4770
5804	4771
5805	4772
5806	4773
5807	4774
5808	4775
5809	4775
5810	4776
5811	4777
5812	4778
5813	4779
5814	4780
5815	4781
5816	4782
5817	4783
5818	4784
5819	4785
5820	4786
5821	4787
5822	4788
5823	4789
5824	4790
5825	4791
5826	4792
5827	4793
5828	4794
5829	4795
5830	4796
5831	4797
5832	4797
5833	4798
5834	4799
5835	4800
5836	4801
5837	4802
5838	4803
5839	4804
5840	4805
5841	4806
5842	4807
5843	4808
5844	4809
5845	4810
5846	4811
5847	4812
5848	4813
5849	4814
5850	4815
5851	4816
5852	4817
5853	4818
5854	4819
5855	4820
5856	4821
5857	4822
5858	4823
5859	4824
5860	4825
5861	4826
5862	4827
5863	4828
5864	4829
5865	4830
5866	4831
5867	4832
5868	4833
5869	4834
5870	4835
5871	4836
5872	4836
5873	4837
5874	4838
5875	4839
5876	4840
5877	4841
5878	4842
5879	4843
5880	4844
5881	4844
5882	4845
5883	4846
5884	4847
5885	4848
5886	4849
5887	4850
5888	4851
5889	4852
5890	4853
5891	4854
5892	4855
5893	4856
5894	4856
5895	4857
5896	4858
5897	4859
5898	4860
5899	4861
5900	4862
5901	4862
5902	4863
5903	4864
5904	4864
5905	4865
5906	4866
5907	4867
5908	4868
5909	4869
5910	4870
5911	4871
5912	4872
5913	4873
5914	4874
5915	4875
5916	4876
5917	4877
5918	4878
5919	4879
5920	4880
5921	4881
5922	4882
5923	4883
5924	4884
5925	4885
5926	4885
5927	4886
5928	4887
5929	4888
5930	4889
5931	4890
5932	4891
5933	4892
5934	4893
5935	4894
5936	4895
5937	4896
5938	4897
5939	4898
5940	4899
5941	4900
5942	4901
5943	4902
5944	4903
5945	4904
5946	4905
5947	4906
5948	4907
5949	4908
5950	4909
5951	4910
5952	4911
5953	4911
5954	4912
5955	4913
5956	4913
5957	4914
5958	4915
5959	4916
5960	4916
5961	4917
5962	4917
5963	4918
5964	4919
5965	4919
5966	4920
5967	4921
5968	4921
5969	4922
5970	4923
5971	4924
5972	4925
5973	4926
5974	4927
5975	4928
5976	4929
5977	4930
5978	4931
5979	4932
5980	4933
5981	4934
5982	4935
5983	4936
5984	4937
5985	4938
5986	4939
5987	4940
5988	4941
5989	4942
5990	4943
5991	4944
5992	4945
5993	4946
5994	4947
5995	4948
5996	4949
5997	4950
5998	4951
5999	4952
6000	4953
6001	4954
6002	4955
6003	4955
6004	4956
6005	4957
6006	4958
6007	4959
6008	4960
6009	4961
6010	4961
6011	4962
6012	4963
6013	4964
6014	4964
6015	4965
6016	4966
6017	4967
6018	4968
6019	4969
6020	4970
6021	4971
6022	4972
6023	4973
6024	4974
6025	4975
6026	4976
6027	4977
6028	4978
6029	4979
6030	4980
6031	4981
6032	4982
6033	4983
6034	4984
6035	4985
6036	4986
6037	4987
6038	4988
6039	4989
6040	4990
6041	4991
6042	4992
6043	4993
6044	4994
6045	4994
6046	4995
6047	4996
6048	4997
6049	4998
6050	4999
6051	4999
6052	4999
6053	4999
6054	4999
6055	4999
6056	4999
6057	4999
6058	4999
6059	5000
6060	5001
6061	5002
6062	5002
6063	5003
6064	5004
6065	5005
6066	5006
6067	5007
6068	5008
6069	5009
6070	5010
6071	5011
6072	5012
6073	5013
6074	5014
6075	5015
6076	5016
6077	5017
6078	5018
6079	5019
6080	5020
6081	5021
6082	5022
6083	5022
6084	5023
6085	5024
6086	5025
6087	5026
6088	5027
6089	5028
6090	5029
6091	5030
6092	5031
6093	5032
6094	5033
6095	5034
6096	5035
6097	5036
6098	5037
6099	5038
6100	5039
6101	5040
6102	5040
6103	5041
6104	5042
6105	5043
6106	5044
6107	5045
6108	5046
6109	5047
6110	5048
6111	5048
6112	5049
6113	5050
6114	5051
6115	5052
6116	5053
6117	5054
6118	5055
6119	5056
6120	5057
6121	5058
6122	5059
6123	5060
6124	5061
6125	5062
6126	5063
6127	5063
6128	5064
6129	5065
6130	5066
6131	5066
6132	5067
6133	5068
6134	5069
6135	5070
6136	5071
6137	5072
6138	5073
6139	5074
6140	5075
6141	5076
6142	5077
6143	5078
6144	5078
6145	5079
6146	5080
6147	5081
6148	5082
6149	5083
6150	5084
6151	5085
6152	5086
6153	5087
6154	5088
6155	5089
6156	5090
6157	5091
6158	5092
6159	5093
6160	5094
6161	5095
6162	5096
6163	5097
6164	5098
6165	5098
6166	5099
6167	5100
6168	5101
6169	5102
6170	5103
6171	5103
6172	5104
6173	5104
6174	5105
6175	5106
6176	5107
6177	5108
6178	5108
6179	5109
6180	5110
6181	5111
6182	5112
6183	5113
6184	5114
6185	5115
6186	5116
6187	5117
6188	5118
6189	5119
6190	5120
6191	5121
6192	5122
6193	5123
6194	5124
6195	5125
6196	5126
6197	5127
6198	5128
6199	5129
6200	5130
6201	5131
6202	5132
6203	5133
6204	5134
6205	5135
6206	5136
6207	5137
6208	5138
6209	5139
6210	5139
6211	5140
6212	5140
6213	5141
6214	5142
6215	5143
6216	5144
6217	5145
6218	5146
6219	5147
6220	5148
6221	5149
6222	5150
6223	5151
6224	5152
6225	5153
6226	5154
6227	5155
6228	5156
6229	5157
6230	5156
6231	5158
6232	5159
6233	5160
6234	5161
6235	5162
6236	5163
6237	5163
6238	5164
6239	5165
6240	5166
6241	5167
6242	5168
6243	5169
6244	5170
6245	5171
6246	5172
6247	5173
6248	5174
6249	5174
6250	5175
6251	5176
6252	5177
6253	5178
6254	5179
6255	5180
6256	5181
6257	5182
6258	5183
6259	5184
6260	5185
6261	5186
6262	5187
6263	5188
6264	5189
6265	5190
6266	5191
6267	5192
6268	5193
6269	5194
6270	5195
6271	5196
6272	5196
6273	5197
6274	5198
6275	5199
6276	5200
6277	5201
6278	5202
6279	5203
6280	5203
6281	5203
6282	5204
6283	5204
6284	5205
6285	5206
6286	5207
6287	5208
6288	5209
6289	5209
6290	5209
6291	5209
6292	5210
6293	5211
6294	5212
6295	5213
6296	5213
6297	5214
6298	5215
6299	5216
6300	5217
6301	5218
6302	5219
6303	5220
6304	5221
6305	5222
6306	5223
6307	5220
6308	5220
6309	5224
6310	5225
6311	5226
6312	5227
6313	5228
6314	5229
6315	5230
6316	5231
6317	5232
6318	5233
6319	5233
6320	5234
6321	5235
6322	5236
6323	5237
6324	5238
6325	5239
6326	5240
6327	5241
6328	5242
6329	5243
6330	5244
6331	5245
6332	5246
6333	5247
6334	5247
6335	5248
6336	5249
6337	5250
6338	5251
6339	5252
6340	5253
6341	5253
6342	5254
6343	5255
6344	5256
6345	5257
6346	5258
6347	5259
6348	5260
6349	5261
6350	5262
6351	5262
6352	5262
6353	5263
6354	5263
6355	5262
6356	5264
6357	5265
6358	5262
6359	5266
6360	5267
6361	5268
6362	5269
6363	5270
6364	5271
6365	5272
6366	5272
6367	5273
6368	5274
6369	5275
6370	5276
6371	5277
6372	5278
6373	5279
6374	5280
6375	5280
6376	5281
6377	5282
6378	5283
6379	5284
6380	5285
6381	5286
6382	5287
6383	5288
6384	5289
6385	5290
6386	5291
6387	5292
6388	5293
6389	5294
6390	5295
6391	5296
6392	5297
6393	5298
6394	5299
6395	5300
6396	5301
6397	5301
6398	5302
6399	5303
6400	5304
6401	5305
6402	5306
6403	5307
6404	5308
6405	5309
6406	5310
6407	5311
6408	5311
6409	5312
6410	5312
6411	5313
6412	5314
6413	5315
6414	5316
6415	5317
6416	5318
6417	5319
6418	5320
6419	5321
6420	5322
6421	5323
6422	5324
6423	5325
6424	5326
6425	5327
6426	5328
6427	5329
6428	5330
6429	5331
6430	5332
6431	5333
6432	5334
6433	5335
6434	5336
6435	5337
6436	5338
6437	5339
6438	5340
6439	5341
6440	5342
6441	5343
6442	5344
6443	5345
6444	5346
6445	5347
6446	5348
6447	5349
6448	5350
6449	5351
6450	5351
6451	5352
6452	5353
6453	5354
6454	5355
6455	5356
6456	5357
6457	5358
6458	5359
6459	5360
6460	5361
6461	5362
6462	5363
6463	5364
6464	5365
6465	5366
6466	5367
6467	5368
6468	5369
6469	5370
6470	5371
6471	5372
6472	5373
6473	5374
6474	5375
6475	5376
6476	5377
6477	5378
6478	5379
6479	5380
6480	5381
6481	5382
6482	5383
6483	5383
6484	5384
6485	5385
6486	5386
6487	5387
6488	5388
6489	5389
6490	5390
6491	5390
6492	5391
6493	5391
6494	5392
6495	5393
6496	5394
6497	5395
6498	5396
6499	5397
6500	5398
6501	5399
6502	5400
6503	5401
6504	5402
6505	5403
6506	5404
6507	5404
6508	5405
6509	5406
6510	5407
6511	5408
6512	5409
6513	5410
6514	5411
6515	5412
6516	5413
6517	5414
6518	5415
6519	5416
6520	5417
6521	5418
6522	5418
6523	5419
6524	5420
6525	5421
6526	5422
6527	5423
6528	5424
6529	5425
6530	5426
6531	5427
6532	5428
6533	5429
6534	5427
6535	5430
6536	5427
6537	5431
6538	5432
6539	5433
6540	5434
6541	5434
6542	5435
6543	5436
6544	5437
6545	5438
6546	5439
6547	5440
6548	5441
6549	5441
6550	5442
6551	5443
6552	5444
6553	5445
6554	5446
6555	5447
6556	5448
6557	5449
6558	5450
6559	5451
6560	5452
6561	5453
6562	5454
6563	5455
6564	5456
6565	5457
6566	5458
6567	5459
6568	5460
6569	5461
6570	5462
6571	5463
6572	5464
6573	5465
6574	5466
6575	5467
6576	5468
6577	5469
6578	5470
6579	5471
6580	5472
6581	5473
6582	5474
6583	5475
6584	5475
6585	5476
6586	5477
6587	5478
6588	5479
6589	5480
6590	5481
6591	5482
6592	5483
6593	5483
6594	5484
6595	5485
6596	5486
6597	5487
6598	5488
6599	5488
6600	5489
6601	5490
6602	5491
6603	5492
6604	5493
6605	5494
6606	5495
6607	5496
6608	5497
6609	5498
6610	5499
6611	5500
6612	5501
6613	5502
6614	5503
6615	5504
6616	5505
6617	5506
6618	5507
6619	5508
6620	5509
6621	5510
6622	5511
6623	5512
6624	5513
6625	5514
6626	5515
6627	5516
6628	5517
6629	5518
6630	5519
6631	5520
6632	5521
6633	5522
6634	5523
6635	5524
6636	5525
6637	5526
6638	5527
6639	5528
6640	5528
6641	5529
6642	5530
6643	5531
6644	5532
6645	5533
6646	5534
6647	5535
6648	5535
6649	5536
6650	5537
6651	5538
6652	5539
6653	5539
6654	5540
6655	5541
6656	5541
6657	5542
6658	5543
6659	5544
6660	5545
6661	5546
6662	5547
6663	5548
6664	5549
6665	5550
6666	5551
6667	5552
6668	5552
6669	5553
6670	5554
6671	5555
6672	5556
6673	5557
6674	5558
6675	5559
6676	5560
6677	5561
6678	5562
6679	5563
6680	5564
6681	5565
6682	5565
6683	5566
6684	5567
6685	5568
6686	5569
6687	5570
6688	5571
6689	5572
6690	5573
6691	5574
6692	5575
6693	5576
6694	5577
6695	5578
6696	5579
6697	5580
6698	5581
6699	5582
6700	5583
6701	5584
6702	5585
6703	5585
6704	5586
6705	5587
6706	5588
6707	5589
6708	5590
6709	5591
6710	5592
6711	5593
6712	5594
6713	5595
6714	5596
6715	5597
6716	5598
6717	5599
6718	5600
6719	5601
6720	5602
6721	5603
6722	5604
6723	5605
6724	5606
6725	5607
6726	5608
6727	5609
6728	5610
6729	5611
6730	5612
6731	5613
6732	5614
6733	5615
6734	5616
6735	5617
6736	5618
6737	5619
6738	5620
6739	5620
6740	5621
6741	5622
6742	5623
6743	5624
6744	5625
6745	5626
6746	5627
6747	5628
6748	5628
6749	5628
6750	5629
6751	5630
6752	5631
6753	5632
6754	5633
6755	5634
6756	5635
6757	5636
6758	5637
6759	5638
6760	5639
6761	5640
6762	5641
6763	5641
6764	5642
6765	5643
6766	5644
6767	5644
6768	5644
6769	5644
6770	5644
6771	5644
6772	5644
6773	5644
6774	5644
6775	5644
6776	5644
6777	5644
6778	5644
6779	5644
6780	5644
6781	5644
6782	5644
6783	5644
6784	5644
6785	5644
6786	5644
6787	5644
6788	5644
6789	5644
6790	5644
6791	5645
6792	5646
6793	5647
6794	5648
6795	5649
6796	5650
6797	5651
6798	5652
6799	5653
6800	5654
6801	5655
6802	5656
6803	5657
6804	5658
6805	5659
6806	5660
6807	5661
6808	5662
6809	5663
6810	5664
6811	5665
6812	5666
6813	5667
6814	5668
6815	5668
6816	5669
6817	5670
6818	5671
6819	5672
6820	5673
6821	5674
6822	5675
6823	5676
6824	5677
6825	5677
6826	5678
6827	5679
6828	5680
6829	5681
6830	5682
6831	5683
6832	5684
6833	5685
6834	5686
6835	5687
6836	5688
6837	5689
6838	5689
6839	5690
6840	5691
6841	5692
6842	5693
6843	5694
6844	5695
6845	5696
6846	5697
6847	5698
6848	5698
6849	5699
6850	5700
6851	5701
6852	5702
6853	5702
6854	5702
6855	5702
6856	5703
6857	5704
6858	5705
6859	5705
6860	5706
6861	5707
6862	5708
6863	5709
6864	5710
6865	5711
6866	5712
6867	5712
6868	5713
6869	5714
6870	5715
6871	5716
6872	5717
6873	5718
6874	5719
6875	5720
6876	5721
6877	5722
6878	5723
6879	5724
6880	5724
6881	5725
6882	5726
6883	5727
6884	5728
6885	5729
6886	5730
6887	5731
6888	5730
6889	5732
6890	5733
6891	5734
6892	5735
6893	5736
6894	5737
6895	5738
6896	5739
6897	5740
6898	5740
6899	5741
6900	5742
6901	5743
6902	5744
6903	5745
6904	5746
6905	5747
6906	5747
6907	5748
6908	5749
6909	5750
6910	5751
6911	5752
6912	5753
6913	5754
6914	5755
6915	5755
6916	5756
6917	5757
6918	5758
6919	5759
6920	5760
6921	5761
6922	5762
6923	5763
6924	5764
6925	5765
6926	5766
6927	5767
6928	5768
6929	5769
6930	5770
6931	5771
6932	5772
6933	5773
6934	5774
6935	5775
6936	5776
6937	5777
6938	5778
6939	5778
6940	5779
6941	5780
6942	5781
6943	5782
6944	5783
6945	5784
6946	5785
6947	5786
6948	5787
6949	5788
6950	5789
6951	5790
6952	5791
6953	5792
6954	5793
6955	5794
6956	5795
6957	5796
6958	5797
6959	5798
6960	5799
6961	5800
6962	5801
6963	5802
6964	5803
6965	5804
6966	5804
6967	5804
6968	5805
6969	5806
6970	5807
6971	5808
6972	5809
6973	5810
6974	5811
6975	5812
6976	5813
6977	5814
6978	5815
6979	5816
6980	5817
6981	5817
6982	5818
6983	5819
6984	5820
6985	5821
6986	5822
6987	5823
6988	5824
6989	5825
6990	5825
6991	5826
6992	5827
6993	5828
6994	5829
6995	5830
6996	5831
6997	5832
6998	5833
6999	5834
7000	5835
7001	5835
7002	5836
7003	5837
7004	5838
7005	5839
7006	5839
7007	5840
7008	5841
7009	5842
7010	5843
7011	5844
7012	5845
7013	5846
7014	5847
7015	5848
7016	5849
7017	5850
7018	5851
7019	5852
7020	5853
7021	5854
7022	5855
7023	5856
7024	5857
7025	5858
7026	5859
7027	5860
7028	5861
7029	5862
7030	5863
7031	5864
7032	5865
7033	5866
7034	5867
7035	5868
7036	5869
7037	5870
7038	5871
7039	5872
7040	5873
7041	5874
7042	5875
7043	5876
7044	5877
7045	5878
7046	5879
7047	5879
7048	5880
7049	5881
7050	5882
7051	5883
7052	5884
7053	5885
7054	5886
7055	5887
7056	5888
7057	5889
7058	5890
7059	5891
7060	5892
7061	5893
7062	5894
7063	5895
7064	5896
7065	5897
7066	5898
7067	5899
7068	5900
7069	5901
7070	5902
7071	5903
7072	5904
7073	5905
7074	5906
7075	5907
7076	5908
7077	5909
7078	5910
7079	5911
7080	5912
7081	5912
7082	5913
7083	5914
7084	5914
7085	5915
7086	5916
7087	5917
7088	5918
7089	5919
7090	5920
7091	5921
7092	5921
7093	5922
7094	5923
7095	5924
7096	5925
7097	5926
7098	5927
7099	5928
7100	5929
7101	5930
7102	5931
7103	5932
7104	5932
7105	5933
7106	5934
7107	5934
7108	5935
7109	5936
7110	5937
7111	5938
7112	5939
7113	5940
7114	5941
7115	5942
7116	5943
7117	5944
7118	5945
7119	5946
7120	5947
7121	5948
7122	5949
7123	5950
7124	5951
7125	5951
7126	5952
7127	5953
7128	5954
7129	5955
7130	5956
7131	5957
7132	5958
7133	5959
7134	5960
7135	5961
7136	5962
7137	5963
7138	5964
7139	5965
7140	5966
7141	5967
7142	5968
7143	5969
7144	5970
7145	5971
7146	5972
7147	5973
7148	5974
7149	5975
7150	5976
7151	5977
7152	5978
7153	5979
7154	5979
7155	5980
7156	5981
7157	5982
7158	5983
7159	5984
7160	5985
7161	5986
7162	5987
7163	5988
7164	5989
7165	5990
7166	5991
7167	5992
7168	5993
7169	5994
7170	5995
7171	5996
7172	5997
7173	5998
7174	5999
7175	6000
7176	6001
7177	6002
7178	6003
7179	6004
7180	6005
7181	6006
7182	6006
7183	6007
7184	6008
7185	6009
7186	6010
7187	6011
7188	6012
7189	6013
7190	6014
7191	6015
7192	6016
7193	6017
7194	6018
7195	6019
7196	6020
7197	6021
7198	6022
7199	6023
7200	6024
7201	6025
7202	6026
7203	6027
7204	6028
7205	6029
7206	6030
7207	6031
7208	6032
7209	6033
7210	6034
7211	6035
7212	6036
7213	6037
7214	6038
7215	6039
7216	6040
7217	6041
7218	6041
7219	6041
7220	6042
7221	6043
7222	6044
7223	6045
7224	6045
7225	6046
7226	6047
7227	6048
7228	6049
7229	6050
7230	6051
7231	6052
7232	6053
7233	6054
7234	6055
7235	6056
7236	6057
7237	6058
7238	6059
7239	6060
7240	6061
7241	6062
7242	6063
7243	6064
7244	6065
7245	6066
7246	6067
7247	6068
7248	6069
7249	6070
7250	6070
7251	6071
7252	6072
7253	6073
7254	6074
7255	6075
7256	6076
7257	6077
7258	6078
7259	6079
7260	6080
7261	6081
7262	6081
7263	6082
7264	6083
7265	6084
7266	6085
7267	6086
7268	6087
7269	6088
7270	6089
7271	6090
7272	6091
7273	6092
7274	6093
7275	6094
7276	6095
7277	6096
7278	6097
7279	6098
7280	6099
7281	6100
7282	6101
7283	6102
7284	6103
7285	6104
7286	6105
7287	6106
7288	6107
7289	6108
7290	6108
7291	6109
7292	6109
7293	6110
7294	6111
7295	6112
7296	6113
7297	6114
7298	6115
7299	6116
7300	6117
7301	6118
7302	6119
7303	6120
7304	6121
7305	6122
7306	6123
7307	6124
7308	6125
7309	6126
7310	6127
7311	6128
7312	6129
7313	6130
7314	6131
7315	6132
7316	6133
7317	6134
7318	6135
7319	6136
7320	6137
7321	6138
7322	6139
7323	6140
7324	6141
7325	6142
7326	6143
7327	6144
7328	6145
7329	6146
7330	6147
7331	6148
7332	6149
7333	6150
7334	6151
7335	6152
7336	6153
7337	6154
7338	6155
7339	6156
7340	6157
7341	6158
7342	6159
7343	6160
7344	6161
7345	6162
7346	6163
7347	6164
7348	6165
7349	6166
7350	6167
7351	6168
7352	6169
7353	6170
7354	6171
7355	6172
7356	6173
7357	6174
7358	6175
7359	6176
7360	6177
7361	6178
7362	6179
7363	6180
7364	6181
7365	6182
7366	6183
7367	6184
7368	6185
7369	6186
7370	6187
7371	6188
7372	6189
7373	6190
7374	6191
7375	6192
7376	6193
7377	6194
7378	6195
7379	6196
7380	6197
7381	6198
7382	6199
7383	6200
7384	6201
7385	6202
7386	6203
7387	6204
7388	6205
7389	6206
7390	6207
7391	6208
7392	6209
7393	6210
7394	6211
7395	6212
7396	6213
7397	6214
7398	6215
7399	6216
7400	6217
7401	6218
7402	6219
7403	6220
7404	6221
7405	6222
7406	6223
7407	6224
7408	6225
7409	6226
7410	6227
7411	6228
7412	6229
7413	6230
7414	6231
7415	6232
7416	6233
7417	6234
7418	6235
7419	6236
7420	6237
7421	6238
7422	6239
7423	6240
7424	6241
7425	6242
7426	6243
7427	6244
7428	6245
7429	6246
7430	6247
7431	6248
7432	6249
7433	6250
7434	6251
7435	6252
7436	6253
7437	6254
7438	6255
7439	6256
7440	6257
7441	6258
7442	6259
7443	6260
7444	6261
7445	6262
7446	6263
7447	6264
7448	6265
7449	6266
7450	6267
7451	6268
7452	6269
7453	6269
7454	6270
7455	6271
7456	6272
7457	6273
7458	6274
7459	6275
7460	6276
7461	6277
7462	6278
7463	6279
7464	6280
7465	6280
7466	6281
7467	6282
7468	6283
7469	6284
7470	6285
7471	6286
7472	6287
7473	6288
7474	6289
7475	6290
7476	6291
7477	6292
7478	6293
7479	6294
7480	6294
7481	6295
7482	6296
7483	6297
7484	6298
7485	6299
7486	6300
7487	6301
7488	6302
7489	6303
7490	6304
7491	6305
7492	6306
7493	6307
7494	6308
7495	6309
7496	6310
7497	6311
7498	6312
7499	6313
7500	6314
7501	6315
7502	6316
7503	6317
7504	6318
7505	6319
7506	6320
7507	6321
7508	6322
7509	6322
7510	6323
7511	6324
7512	6325
7513	6326
7514	6327
7515	6328
7516	6329
7517	6330
7518	6331
7519	6332
7520	6332
7521	6333
7522	6334
7523	6335
7524	6336
7525	6337
7526	6338
7527	6339
7528	6340
7529	6341
7530	6342
7531	6343
7532	6344
7533	6345
7534	6346
7535	6347
7536	6348
7537	6349
7538	6350
7539	6351
7540	6352
7541	6353
7542	6354
7543	6355
7544	6356
7545	6357
7546	6358
7547	6359
7548	6360
7549	6361
7550	6362
7551	6363
7552	6364
7553	6364
7554	6365
7555	6366
7556	6367
7557	6368
7558	6369
7559	6370
7560	6371
7561	6372
7562	6373
7563	6374
7564	6375
7565	6376
7566	6376
7567	6377
7568	6378
7569	6379
7570	6380
7571	6381
7572	6382
7573	6383
7574	6384
7575	6385
7576	6385
7577	6386
7578	6387
7579	6388
7580	6389
7581	6390
7582	6391
7583	6392
7584	6393
7585	6394
7586	6395
7587	6396
7588	6397
7589	6398
7590	6399
7591	6400
7592	6401
7593	6402
7594	6403
7595	6404
7596	6405
7597	6406
7598	6407
7599	6408
7600	6409
7601	6410
7602	6411
7603	6412
7604	6413
7605	6414
7606	6415
7607	6416
7608	6417
7609	6418
7610	6419
7611	6420
7612	6421
